1	1	1	1	0	1	700	1	2.5	2.5	0.0095	2	836227	502	572	1275	1346	1848	NaN	205	6	1	0	0	1	0	0	0	0	0	0	0	0	0	0	0	0	0	0
1	1	1	2	0	1	700	1	2.5	2.5	0.0095	2	838968	502	572	1275	1345	1847	NaN	114	6	1	0	0	2	0	0	0	0	0	0	0	0	0	0	0	0	0	0
1	1	1	3	0	3	500	1	2.5	2.5	0.0095	2	841618	502	573	1075	1145	1647	NaN	111	6	1	0	0	3	0	0	0	0	0	0	0	0	0	0	0	0	0	0
1	1	1	4	0	1	700	1	2.5	2.5	0.0095	2	844068	502	573	1275	1346	1848	NaN	111	6	1	0	0	4	0	0	0	0	0	0	0	0	0	0	0	0	0	0
1	1	1	5	0	3	700	2	2.5	2.5	0.0095	1	846739	502	572	1275	1345	1847	NaN	111	6	0	0	0	5	0	0	0	0	0	0	0	0	0	0	0	0	0	0
1	1	1	6	0	1	100	2	2.5	2.5	0.0095	2	849440	502	572	672	743	1245	NaN	110	6	1	0	0	6	1	1	79	93	15	9.0187755	0.11086541	2.7342295	0.11086541	2.7342295	1.2593354	0.033932995	1.1575422	0.07785672
1	1	1	7	0	1	500	1	2.5	2.5	0.0095	2	851478	502	572	1074	1144	1646	NaN	111	6	1	0	0	7	0	0	0	0	0	0	0	0	0	0	0	0	0	0
1	1	1	8	0	1	700	2	2.5	2.5	0.0095	2	853908	502	572	1275	1345	1847	NaN	111	6	1	0	0	8	1	1	1	10	10	9.9951642	0.076309098	-0.85031291	0.076309098	-0.85031291	1.5651629	-0.069740672	1.6155076	-0.12708596
1	1	1	8	0	1	700	2	2.5	2.5	0.0095	2	853908	502	572	1275	1345	1847	NaN	111	6	1	0	0	8	2	1	911	925	15	9.661974	0.12106411	0.6025077	0.12106411	0.6025077	1.0455626	-0.25793686	1.1453094	-0.18932857
1	1	1	9	0	1	500	1	2.5	2.5	0.0095	1	856769	502	572	1074	1145	1646	NaN	305	27	1	0	0	9	0	0	0	0	0	0	0	0	0	0	0	0	0	0
1	1	1	10	0	3	700	1	2.5	2.5	0.0095	2	859400	502	572	1275	1345	1847	NaN	111	6	1	0	0	10	0	0	0	0	0	0	0	0	0	0	0	0	0	0
1	1	1	11	0	1	500	1	2.5	2.5	0.0095	2	862040	502	572	1074	1145	1647	NaN	111	6	1	0	0	11	1	1	12	27	16	11.226595	0.14232463	0.43399237	0.14232463	0.43399237	1.6440682	-0.26748271	1.7731985	-0.20763572
1	1	1	12	0	1	300	2	2.5	2.5	0.0095	1	864480	502	572	873	944	1446	NaN	111	27	1	0	0	12	1	1	1390	1407	18	9.6061073	0.1341948	2.5430058	0.1341948	2.5430058	1.5462338	-0.20805102	1.4353711	-0.13243553
1	1	1	13	0	3	100	1	2.5	2.5	0.0095	1	866719	502	572	673	743	1245	NaN	111	6	0	0	0	13	1	1	1	15	15	12.957892	0.16516397	2.6835199	0.16516397	2.6835199	1.8137668	-0.1755836	1.6656302	-0.10254474
1	1	1	14	0	3	500	2	2.5	2.5	0.0095	2	868757	502	572	1074	1145	1647	NaN	111	6	1	0	0	14	0	0	0	0	0	0	0	0	0	0	0	0	0	0
1	1	1	15	0	3	300	2	2.5	2.5	0.0095	2	871307	502	573	874	944	1446	NaN	111	6	1	0	0	15	1	1	15	31	17	11.427452	0.15422174	0.69507724	0.15422174	0.69507724	1.6822529	-0.41089432	1.8006958	-0.31212381
1	1	1	15	0	3	300	2	2.5	2.5	0.0095	2	871307	502	573	874	944	1446	NaN	111	6	1	0	0	15	2	1	887	900	14	8.8957125	0.10341541	2.6086774	0.10341541	2.6086774	1.0834232	-0.34563417	0.99434845	-0.29309433
1	1	1	16	0	1	500	2	2.5	2.5	0.0095	2	873546	502	572	1075	1145	1647	NaN	111	6	1	0	0	16	0	0	0	0	0	0	0	0	0	0	0	0	0	0
1	1	1	17	0	1	100	2	2.5	2.5	0.0095	1	876026	502	573	673	743	1245	NaN	111	27	1	0	0	17	1	1	1198	1217	20	11.415565	0.18661707	0.26103031	0.18667063	0.26210236	1.0969404	-0.52377408	1.2772358	-0.47561268
1	1	1	18	0	1	300	2	2.5	2.5	0.0095	2	878145	502	572	873	943	1445	NaN	111	27	0	0	0	18	1	1	545	564	20	13.491206	0.21121968	1.2272134	0.21121968	1.2272134	0.69065306	-0.89154436	0.76180509	-0.69266967
1	1	1	19	0	1	300	1	2.5	2.5	0.0095	1	880564	502	573	874	944	1446	NaN	111	6	0	0	0	19	1	1	35	46	12	7.1874777	0.072134744	0.53645611	0.072134744	0.53645611	1.1168433	-0.50310186	1.1788449	-0.46623429
1	1	1	20	0	1	100	1	2.5	2.5	0.0095	2	882854	502	572	672	742	1244	NaN	111	6	1	0	0	20	0	0	0	0	0	0	0	0	0	0	0	0	0	0
1	1	1	21	0	1	900	1	2.5	2.5	0.0095	1	885002	502	572	1476	1546	2048	NaN	405	27	1	0	0	21	1	1	66	80	15	6.3223657	0.086143621	-2.3094617	0.086143621	-2.3094617	1.4556009	-0.51840887	1.3976002	-0.58210069
1	1	1	22	0	3	900	2	2.5	2.5	0.0095	1	888305	502	573	1476	1546	2048	NaN	111	27	1	0	0	22	1	1	1	13	13	9.4690352	0.090045014	-2.3625795	0.090045014	-2.3625795	2.0535751	-0.16992358	1.9894984	-0.23318718
1	1	1	22	0	3	900	2	2.5	2.5	0.0095	1	888305	502	573	1476	1546	2048	NaN	111	27	1	0	0	22	2	1	65	84	20	6.6122035	0.11829549	-2.6282454	0.11829549	-2.6282454	1.8455651	-0.27519141	1.7425172	-0.33328583
1	1	1	22	0	3	900	2	2.5	2.5	0.0095	1	888305	502	573	1476	1546	2048	NaN	111	27	1	0	0	22	3	1	291	305	15	8.7004653	0.10998738	-3.0315253	0.10998738	-3.0315253	1.124509	-0.48616574	1.0151871	-0.49824733
1	1	1	23	0	3	900	2	2.5	2.5	0.0095	2	891217	502	572	1476	1546	2048	NaN	1223	6	1	0	0	23	0	0	0	0	0	0	0	0	0	0	0	0	0	0
1	1	1	24	0	3	500	1	2.5	2.5	0.0095	1	895173	502	572	1074	1144	1646	NaN	111	27	1	0	0	24	1	1	43	62	20	12.730194	0.19598682	2.842652	0.19598682	2.842652	0.70154663	-0.13337464	0.51425201	-0.075654949
1	1	1	25	0	1	700	2	2.5	2.5	0.0095	2	897793	502	573	1276	1346	1848	NaN	111	6	1	0	0	25	1	1	1	10	10	20.269925	0.13065297	0.52571517	0.13065297	0.52571517	0.71249252	-0.176267	0.8255028	-0.11070119
1	1	1	25	0	1	700	2	2.5	2.5	0.0095	2	897793	502	573	1276	1346	1848	NaN	111	6	1	0	0	25	2	1	331	359	29	24.667913	0.47392863	-3.0250374	0.47465006	-3.0127052	0.54745181	-0.35162105	0.076738731	-0.40673496
1	1	1	25	0	1	700	2	2.5	2.5	0.0095	2	897793	502	573	1276	1346	1848	NaN	111	6	1	0	0	25	3	1	704	724	21	11.374952	0.1827819	0.26371063	0.18312011	0.27046654	-0.017009404	-0.42133165	0.15945362	-0.37368686
1	1	1	26	0	1	500	1	2.5	2.5	0.0095	1	900534	502	573	1075	1145	1647	NaN	111	6	0	0	0	26	0	0	0	0	0	0	0	0	0	0	0	0	0	0
1	1	1	27	0	3	700	2	2.5	2.5	0.0095	1	902964	502	572	1275	1346	1848	NaN	111	27	1	0	0	27	0	0	0	0	0	0	0	0	0	0	0	0	0	0
1	1	1	28	0	3	500	2	2.5	2.5	0.0095	2	905705	502	572	1074	1145	1647	NaN	457	6	1	0	0	28	1	1	21	33	13	9.0174259	0.098456102	0.055940577	0.098456102	0.055940577	0.76292657	0.19060753	0.86122866	0.19611235
1	1	1	29	0	3	500	2	2.5	2.5	0.0095	2	908486	502	573	1075	1145	1647	NaN	111	6	1	0	0	29	0	0	0	0	0	0	0	0	0	0	0	0	0	0
1	1	1	30	0	1	900	1	2.5	2.5	0.0095	1	910936	502	572	1476	1546	2048	NaN	111	27	1	0	0	30	1	1	70	104	35	18.534724	0.26950853	-0.43486757	0.3111472	-0.37353822	0.51538097	0.15628636	0.75980522	0.042745028
1	1	1	30	0	1	900	1	2.5	2.5	0.0095	1	910936	502	572	1476	1546	2048	NaN	111	27	1	0	0	30	2	1	205	227	23	16.053035	0.27781823	3.0363678	0.27794221	3.0322255	0.49890731	-0.20555703	0.2226257	-0.17637756
1	1	1	31	0	1	300	1	2.5	2.5	0.0095	2	913828	502	572	873	943	1445	NaN	352	27	0	0	0	31	1	1	202	221	20	16.499134	0.24380023	0.60922199	0.24380023	0.60922199	0.37726804	-0.51670425	0.57720702	-0.37719454
1	1	1	31	0	1	300	1	2.5	2.5	0.0095	2	913828	502	572	873	943	1445	NaN	352	27	0	0	0	31	2	1	340	363	24	18.091647	0.31653442	-3.0725961	0.31653442	-3.0725961	0.4363755	-0.44698961	0.12059421	-0.46881206
1	1	1	32	0	1	300	1	2.5	2.5	0.0095	2	916589	501	572	873	943	1445	NaN	111	6	1	0	0	32	0	0	0	0	0	0	0	0	0	0	0	0	0	0
1	1	1	33	0	3	700	1	2.5	2.5	0.0095	1	918868	502	572	1275	1345	1847	NaN	205	27	1	0	0	33	1	1	21	41	21	16.61913	0.25630498	0.56786145	0.25630498	0.56786145	1.0484164	0.024128068	1.2644951	0.16197667
1	1	1	33	0	3	700	1	2.5	2.5	0.0095	1	918868	502	572	1275	1345	1847	NaN	205	27	1	0	0	33	2	1	219	246	28	22.480237	0.43463146	-3.0829576	0.43463146	-3.0829576	0.81147185	-0.030777723	0.37758732	-0.056247777
1	1	1	34	0	1	700	1	2.5	2.5	0.0095	2	921739	502	572	1275	1346	1848	NaN	111	6	1	0	0	34	0	0	0	0	0	0	0	0	0	0	0	0	0	0
1	1	1	35	0	3	100	2	2.5	2.5	0.0095	1	924430	502	572	673	743	1245	NaN	167	27	1	0	0	35	0	0	0	0	0	0	0	0	0	0	0	0	0	0
1	1	1	36	0	1	900	2	2.5	2.5	0.0095	1	926679	502	572	1476	1546	2048	NaN	111	27	1	0	0	36	1	1	52	89	38	39.782095	0.85310641	-2.9995116	0.85310641	-2.9995116	1.6598212	0.11926725	0.81531117	-0.0015356177
1	1	1	36	0	1	900	2	2.5	2.5	0.0095	1	926679	502	572	1476	1546	2048	NaN	111	27	1	0	0	36	2	1	287	309	23	12.31751	0.20705343	3.090939	0.20744309	3.0620905	0.55543687	-0.2516693	0.34864902	-0.24118578
1	1	1	37	0	1	100	2	2.5	2.5	0.0095	2	929681	502	572	673	743	1245	NaN	211	6	1	0	0	37	0	0	0	0	0	0	0	0	0	0	0	0	0	0
1	1	1	38	0	1	900	2	2.5	2.5	0.0095	1	931820	501	572	1475	1546	2048	NaN	111	27	1	0	0	38	0	0	0	0	0	0	0	0	0	0	0	0	0	0
1	1	1	40	0	1	300	2	2.5	2.5	0.0095	1	937763	502	573	874	944	1446	NaN	111	27	1	0	0	39	1	1	256	278	23	18.395946	0.3000705	0.044892832	0.30009747	0.046850281	-0.001062217	0.15511426	0.29870596	0.16858075
1	1	1	41	0	3	900	1	2.5	2.5	0.0095	2	940143	502	572	1476	1546	2048	NaN	111	27	0	0	0	40	1	1	244	263	20	12.272374	0.1855721	0.037410564	0.18557664	0.038058935	-0.11010348	-0.41101198	0.075338774	-0.40407124
1	1	1	42	0	1	100	2	2.5	2.5	0.0095	2	943065	502	572	672	743	1245	NaN	111	6	1	0	0	41	0	0	0	0	0	0	0	0	0	0	0	0	0	0
1	1	1	43	0	1	500	2	2.5	2.5	0.0095	1	945193	502	573	1075	1145	1647	NaN	111	27	1	0	0	42	1	1	275	285	11	7.3614576	0.068584088	-0.35372032	0.068584088	-0.35372032	0.082189032	-0.33637832	0.14652712	-0.36013518
1	1	1	43	0	1	500	2	2.5	2.5	0.0095	1	945193	502	573	1075	1145	1647	NaN	111	27	1	0	0	42	2	1	1033	1058	26	18.09426	0.33822957	0.52011575	0.33822957	0.52011575	0.03622868	-0.37152238	0.32973133	-0.20342885
1	1	1	43	0	1	500	2	2.5	2.5	0.0095	1	945193	502	573	1075	1145	1647	NaN	111	27	1	0	0	42	3	1	1441	1468	28	29.475152	0.53507604	3.1186345	0.53519457	3.1104481	0.59134891	-0.050842453	0.056413876	-0.0385592
1	1	1	44	0	1	300	2	2.5	2.5	0.0095	1	947713	502	572	874	944	1446	NaN	111	27	1	0	0	43	1	1	1	12	12	10.903949	0.093496021	2.7444732	0.093496021	2.7444732	0.77207802	-0.070899413	0.68585796	-0.03473856
1	1	1	44	0	1	300	2	2.5	2.5	0.0095	1	947713	502	572	874	944	1446	NaN	111	27	1	0	0	43	2	1	919	939	21	12.12654	0.19170716	2.6434269	0.19170716	2.6434269	0.35954316	-0.19867676	0.191136	-0.1070762
1	1	1	45	0	3	300	2	2.5	2.5	0.0095	1	949942	502	572	874	944	1446	NaN	189	6	0	0	0	44	0	0	0	0	0	0	0	0	0	0	0	0	0	0
1	1	1	46	0	1	700	2	2.5	2.5	0.0095	1	952553	502	572	1275	1345	1847	NaN	111	6	0	0	0	45	1	1	214	231	18	9.374949	0.13075598	1.2517911	0.13128471	1.2398145	0.3128967	-0.22646865	0.35390467	-0.10230959
1	1	1	47	0	1	100	1	2.5	2.5	0.0095	2	955304	502	572	672	743	1245	NaN	111	6	1	0	0	46	0	0	0	0	0	0	0	0	0	0	0	0	0	0
1	1	1	48	0	3	300	1	2.5	2.5	0.0095	1	957422	502	573	874	944	1446	NaN	111	6	0	0	0	47	1	1	66	85	20	13.448859	0.20318793	-0.11170137	0.20327027	-0.11525653	0.60122033	-0.14953701	0.80314197	-0.17218621
1	1	1	48	0	3	300	1	2.5	2.5	0.0095	1	957422	502	573	874	944	1446	NaN	111	6	0	0	0	47	2	1	222	236	15	7.6056477	0.096474598	-3.0235917	0.096474598	-3.0235917	0.51637164	-0.23611172	0.42056793	-0.24746941
1	1	1	49	0	3	700	1	2.5	2.5	0.0095	1	959691	502	572	1275	1346	1848	NaN	111	27	1	0	0	48	0	0	0	0	0	0	0	0	0	0	0	0	0	0
1	1	1	50	0	3	100	2	2.5	2.5	0.0095	1	962342	502	572	673	743	1245	NaN	111	27	1	0	0	49	1	1	27	68	42	13.858207	0.10314768	-0.24717524	0.21904631	-0.27695215	0.4812087	-0.0048660708	0.58122146	-0.030102804
1	1	1	51	0	1	500	2	2.5	2.5	0.0095	1	964450	502	572	1075	1145	1647	NaN	207	27	1	0	0	50	0	0	0	0	0	0	0	0	0	0	0	0	0	0
1	1	1	52	0	3	500	1	2.5	2.5	0.0095	2	967121	502	572	1074	1145	1647	NaN	111	27	0	0	0	51	1	1	1	27	27	18.168457	0.35317985	-2.9530049	0.35317985	-2.9530049	0.64520868	0.18283405	0.29829072	0.11662275
1	1	1	52	0	3	500	1	2.5	2.5	0.0095	2	967121	502	572	1074	1145	1647	NaN	111	27	0	0	0	51	2	1	347	363	17	10.932679	0.14774494	0.6579129	0.14774494	0.6579129	-0.046721792	-0.10367704	0.07018437	-0.013335921
1	1	1	53	0	3	700	2	2.5	2.5	0.0095	1	969661	502	572	1275	1345	1848	NaN	176	27	1	0	0	52	1	1	1764	1783	20	9.5624098	0.150676	2.3790037	0.150676	2.3790037	0.56147868	0.28048506	0.4525324	0.38457139
1	1	1	54	0	3	300	2	2.5	2.5	0.0095	2	972352	502	572	873	944	1446	NaN	170	27	0	0	0	53	0	0	0	0	0	0	0	0	0	0	0	0	0	0
1	1	1	55	0	1	300	1	2.5	2.5	0.0095	1	974772	502	572	873	943	1445	NaN	111	27	1	0	0	54	1	1	309	331	23	20.504188	0.34047352	0.33454684	0.34047352	0.33454684	0.32997355	-0.027550691	0.65157095	0.08424078
1	1	1	55	0	1	300	1	2.5	2.5	0.0095	1	974772	502	572	873	943	1445	NaN	111	27	1	0	0	54	2	1	447	468	22	21.202168	0.34395221	3.0597893	0.34395221	3.0597893	0.50968427	0.114828	0.16688225	0.14293307
1	1	1	56	0	3	300	1	2.5	2.5	0.0095	1	977031	502	572	873	943	1446	NaN	163	6	0	0	0	55	0	0	0	0	0	0	0	0	0	0	0	0	0	0
1	1	1	57	0	3	100	1	2.5	2.5	0.0095	1	979501	502	572	672	742	1244	NaN	111	27	1	0	0	56	1	1	1154	1173	20	12.712631	0.19126582	1.2868467	0.19126582	1.2868467	0.56046658	0.23014402	0.61404957	0.41375087
1	1	1	58	0	3	900	1	2.5	2.5	0.0095	1	981539	502	572	1476	1546	2048	NaN	111	27	1	0	0	57	1	1	1900	1958	59	48.372008	0.90865609	-0.0023001186	1.0376948	-0.015091945	0.66812248	0.38596432	1.5767762	0.38387431
1	1	1	58	0	3	900	1	2.5	2.5	0.0095	1	981539	502	572	1476	1546	2048	NaN	111	27	1	0	0	57	2	1	2005	2036	32	34.447692	0.684235	3.0276785	0.684235	3.0276785	1.4991718	0.40291978	0.81937151	0.4806954
1	1	1	59	0	3	300	1	2.5	2.5	0.0095	1	984531	502	572	873	943	1445	NaN	111	27	1	0	0	58	1	1	263	282	20	9.577187	0.14940781	0.61564571	0.14940781	0.61564571	0.1369328	-0.10427769	0.25890944	-0.017996807
1	1	1	60	0	1	900	1	2.5	2.5	0.0095	1	986770	502	572	1476	1546	2048	NaN	198	27	1	0	0	59	1	1	112	122	11	7.3961647	0.069935561	3.1232906	0.069935561	3.1232906	0.41298061	-0.14891306	0.34305676	-0.14763317
1	1	1	62	0	3	300	1	2.5	2.5	0.0095	2	992011	502	572	873	943	1445	NaN	111	6	1	0	0	60	0	0	0	0	0	0	0	0	0	0	0	0	0	0
1	1	1	63	0	1	100	2	2.5	2.5	0.0095	2	994250	502	572	672	743	1245	NaN	443	27	0	0	0	61	0	0	0	0	0	0	0	0	0	0	0	0	0	0
1	1	1	64	0	3	100	2	2.5	2.5	0.0095	2	996880	502	572	673	743	1245	NaN	475	27	0	0	0	62	1	1	227	242	16	13.648691	0.17830261	0.13339324	0.17830984	0.13369524	0.089028749	-0.24255815	0.26574737	-0.21884426
1	1	1	65	0	3	100	2	2.5	2.5	0.0095	2	999280	502	572	673	743	1245	NaN	395	27	0	0	0	63	0	0	0	0	0	0	0	0	0	0	0	0	0	0
1	1	1	66	0	3	900	2	2.5	2.5	0.0095	2	1001599	502	572	1476	1546	2048	NaN	170	27	0	0	0	64	0	0	0	0	0	0	0	0	0	0	0	0	0	0
1	1	1	67	0	3	500	2	2.5	2.5	0.0095	1	1004611	502	572	1075	1145	1647	NaN	111	27	1	0	0	65	1	1	73	84	12	5.9658796	0.064127829	-2.449171	0.064127829	-2.449171	0.90884177	-0.25861852	0.85948243	-0.29955792
1	1	1	67	0	3	500	2	2.5	2.5	0.0095	1	1004611	502	572	1075	1145	1647	NaN	111	27	1	0	0	65	2	1	1585	1614	30	24.917534	0.50574685	0.3324475	0.50574685	0.3324475	0.61119249	-0.16601529	1.0892479	-0.00096101336
1	1	1	68	0	3	900	2	2.5	2.5	0.0095	1	1007201	502	573	1476	1547	2049	NaN	111	27	1	0	0	66	0	0	0	0	0	0	0	0	0	0	0	0	0	0
1	1	1	69	0	3	700	1	2.5	2.5	0.0095	2	1010173	502	573	1276	1346	1848	NaN	111	27	0	0	0	67	1	1	27	47	21	7.4011655	0.13679915	-2.4326247	0.13679915	-2.4326247	1.2863689	0.19177187	1.1825336	0.10270868
1	1	1	69	0	3	700	1	2.5	2.5	0.0095	2	1010173	502	573	1276	1346	1848	NaN	111	27	0	0	0	67	2	1	116	144	29	22.344026	0.43410379	-2.8274691	0.43410379	-2.8274691	1.0379339	-0.0078024705	0.62507192	-0.14193317
1	1	1	69	0	3	700	1	2.5	2.5	0.0095	2	1010173	502	573	1276	1346	1848	NaN	111	27	0	0	0	67	3	1	381	398	18	11.232489	0.1610341	-3.0399692	0.1610341	-3.0399692	0.43692671	-0.19715136	0.27672342	-0.21348805
1	1	1	70	0	1	100	1	2.5	2.5	0.0095	2	1012924	502	573	673	743	1245	NaN	111	27	0	0	0	68	1	1	206	220	15	10.485893	0.1278658	0.77865804	0.1278658	0.77865804	0.32553734	-0.46481605	0.41655946	-0.37501273
1	1	1	71	0	3	100	1	2.5	2.5	0.0095	1	1015113	502	573	673	743	1245	NaN	111	27	1	0	0	69	1	1	119	132	14	4.7751311	0.059788354	-1.891664	0.059788354	-1.891664	0.40058311	0.054912868	0.38172646	-0.0018240157
1	1	1	71	0	3	100	1	2.5	2.5	0.0095	1	1015113	502	573	673	743	1245	NaN	111	27	1	0	0	69	2	1	297	308	12	8.9286523	0.091055587	0.058042852	0.091078357	0.062196822	0.17696713	-0.14267468	0.26786938	-0.13739252
1	1	1	72	0	1	300	2	2.5	2.5	0.0095	2	1017252	502	572	873	943	1445	NaN	111	6	1	0	0	70	1	1	789	806	18	12.991618	0.18314143	0.62264043	0.18314143	0.62264043	-0.0045401891	-0.28043423	0.14423318	-0.17362943
1	1	1	73	0	3	500	2	2.5	2.5	0.0095	2	1019611	502	572	1074	1145	1647	NaN	111	6	1	0	0	71	0	0	0	0	0	0	0	0	0	0	0	0	0	0
1	1	1	74	0	3	500	2	2.5	2.5	0.0095	1	1022091	502	572	1074	1145	1647	NaN	111	27	1	0	0	72	1	1	78	115	38	19.736562	0.45964359	-2.9490046	0.46023775	-2.942493	0.81813382	-0.12829372	0.36698804	-0.21626937
1	1	1	74	0	3	500	2	2.5	2.5	0.0095	1	1022091	502	572	1074	1145	1647	NaN	111	27	1	0	0	72	2	1	256	276	21	10.600299	0.16977981	2.8919507	0.17035752	2.8789795	0.20495894	-0.35784682	0.040442147	-0.31590152
1	1	1	75	0	3	900	1	2.5	2.5	0.0095	1	1024531	502	572	1476	1546	2048	NaN	111	27	1	0	0	73	1	1	60	85	26	17.417287	0.31555145	-2.8593832	0.31555145	-2.8593832	0.37899228	-0.1955257	0.075923258	-0.28339996
1	1	1	75	0	3	900	1	2.5	2.5	0.0095	1	1024531	502	572	1476	1546	2048	NaN	111	27	1	0	0	73	2	1	382	403	22	11.220084	0.18519782	0.18923665	0.18527886	0.1915067	-0.081945352	-0.47426285	0.099946341	-0.43942543
1	1	1	76	0	1	900	1	2.5	2.5	0.0095	2	1027483	502	572	1476	1546	2048	NaN	118	27	0	0	0	74	1	1	2016	2040	25	19.855472	0.33141678	0.22583188	0.33141678	0.22583188	0.012841714	-0.15496198	0.33584322	-0.080752066
1	1	1	77	0	1	100	1	2.5	2.5	0.0095	1	1030475	502	572	672	743	1245	NaN	111	27	1	0	0	75	1	1	246	271	26	25.874123	0.45139286	0.31531971	0.45139286	0.31531971	0.17202324	-0.51749406	0.6011612	-0.37750791
1	1	1	77	0	1	100	1	2.5	2.5	0.0095	1	1030475	502	572	672	743	1245	NaN	111	27	1	0	0	75	2	1	375	402	28	29.736677	0.54259977	3.0707886	0.54261905	3.0702894	0.50159694	-0.39038582	-0.039643308	-0.35199965
1	1	1	78	0	1	500	1	2.5	2.5	0.0095	1	1032513	502	572	1074	1144	1646	NaN	110	27	1	0	0	76	1	1	1131	1142	12	6.18202	0.063520222	2.6280372	0.063520222	2.6280372	0.62549554	-0.010788653	0.57016922	0.020417381
1	1	1	79	0	1	100	1	2.5	2.5	0.0095	2	1035023	502	572	672	743	1245	NaN	111	6	1	0	0	77	0	0	0	0	0	0	0	0	0	0	0	0	0	0
1	1	1	80	0	1	700	1	2.5	2.5	0.0095	2	1037071	502	572	1275	1346	1848	NaN	111	6	1	0	0	78	0	0	0	0	0	0	0	0	0	0	0	0	0	0
1	1	1	81	0	3	700	1	2.5	2.5	0.0095	1	1039812	502	572	1275	1345	1847	NaN	111	27	1	0	0	79	1	1	13	24	12	7.3837484	0.075571397	2.4405131	0.075571397	2.4405131	0.78483021	0.050723721	0.72708261	0.099470523
1	1	1	81	0	3	700	1	2.5	2.5	0.0095	1	1039812	502	572	1275	1345	1847	NaN	111	27	1	0	0	79	2	1	98	108	11	6.3256264	0.061868732	-2.4676967	0.061868732	-2.4676967	0.55519334	-0.040726829	0.50684934	-0.079335086
1	1	1	81	0	3	700	1	2.5	2.5	0.0095	1	1039812	502	572	1275	1345	1847	NaN	111	27	1	0	0	79	3	1	1662	1684	23	15.195324	0.25657096	2.6546954	0.25657096	2.6546954	0.81975586	-0.018221052	0.59300131	0.10182491
1	1	1	82	0	1	100	1	2.5	2.5	0.0095	2	1042533	502	572	673	743	1245	NaN	111	27	0	0	0	80	0	0	0	0	0	0	0	0	0	0	0	0	0	0
1	1	2	1	0	1	500	2	2.5	2.5	0.0095	2	1046890	502	573	1075	1145	1647	NaN	111	6	1	0	0	81	1	1	638	654	17	9.9709329	0.13273607	1.8079035	0.13280067	1.8099083	0.47925341	-0.067826217	0.4480748	0.061196102
1	1	2	2	0	3	100	1	2.5	2.5	0.0095	2	1049330	502	573	673	743	1245	NaN	137	27	0	0	0	82	0	0	0	0	0	0	0	0	0	0	0	0	0	0
1	1	2	3	0	1	700	2	2.5	2.5	0.0095	1	1051529	502	572	1275	1345	1847	NaN	177	27	1	0	0	83	1	1	821	842	22	12.946055	0.21239786	0.55999033	0.21239786	0.55999033	0.47490512	0.20396568	0.65486139	0.31678675
1	1	2	4	0	3	300	2	2.5	2.5	0.0095	1	1054230	502	572	873	944	1446	NaN	111	27	1	0	0	84	1	1	359	401	43	20.866855	0.19596269	0.61216334	0.33837844	0.51726779	0.90584453	0.066903219	1.0662217	0.17951108
1	1	2	4	0	3	300	2	2.5	2.5	0.0095	1	1054230	502	572	873	944	1446	NaN	111	27	1	0	0	84	2	1	1361	1390	30	29.741076	0.58823044	2.9850738	0.58823044	2.9850738	0.77770396	-0.054597134	0.1966641	0.037096559
1	1	2	5	0	1	300	2	2.5	2.5	0.0095	2	1056700	502	572	873	943	1445	NaN	131	6	1	0	0	85	0	0	0	0	0	0	0	0	0	0	0	0	0	0
1	1	2	6	0	3	900	2	2.5	2.5	0.0095	2	1059099	502	573	1476	1547	2049	NaN	111	6	1	0	0	86	1	1	2017	2047	31	30.521752	0.60998517	0.027945053	0.61043362	0.047434367	0.6583619	-0.11177381	1.2681089	-0.094729965
1	1	2	7	0	3	300	2	2.5	2.5	0.0095	1	1061941	502	572	873	943	1445	NaN	111	6	0	0	0	87	1	1	885	896	12	7.0554613	0.073587237	2.6362464	0.073587237	2.6362464	0.40010303	-0.28777464	0.33571369	-0.2521503
1	1	2	8	0	3	500	1	2.5	2.5	0.0095	2	1064541	502	573	1075	1145	1647	NaN	125	27	0	0	0	88	0	0	0	0	0	0	0	0	0	0	0	0	0	0
1	1	2	9	0	1	900	1	2.5	2.5	0.0095	1	1066991	502	572	1476	1546	2048	NaN	177	27	1	0	0	89	1	1	791	811	21	10.921179	0.17278708	2.2535279	0.17278708	2.2535279	0.20444545	-0.2558707	0.095431548	-0.12181346
1	1	2	10	0	3	100	2	2.5	2.5	0.0095	2	1070063	502	573	673	743	1245	NaN	142	6	1	0	0	90	1	1	1157	1175	19	10.076426	0.15513049	2.059323	0.15513049	2.059323	0.054735804	-0.20833344	-0.018070878	-0.071349295
1	1	2	11	0	1	900	2	2.5	2.5	0.0095	2	1072312	502	572	1476	1546	2048	NaN	111	6	1	0	0	91	1	1	129	142	14	5.1038163	0.062017872	-2.228279	0.062017872	-2.228279	0.18754501	-0.28113074	0.14964426	-0.33021994
1	1	2	11	0	1	900	2	2.5	2.5	0.0095	2	1072312	502	572	1476	1546	2048	NaN	111	6	1	0	0	91	2	1	781	807	27	17.500931	0.31866749	0.56560909	0.31866749	0.56560909	-0.033458569	-0.42952529	0.23558039	-0.25874177
1	1	2	12	0	1	700	1	2.5	2.5	0.0095	2	1075224	502	572	1275	1345	1847	NaN	243	6	1	0	0	92	0	0	0	0	0	0	0	0	0	0	0	0	0	0
1	1	2	13	0	3	100	2	2.5	2.5	0.0095	2	1078166	502	572	672	743	1245	NaN	151	6	1	0	0	93	0	0	0	0	0	0	0	0	0	0	0	0	0	0
1	1	2	14	0	1	300	1	2.5	2.5	0.0095	2	1080596	502	572	873	943	1445	NaN	264	27	0	0	0	94	1	1	235	245	11	7.9202102	0.073683825	2.0625997	0.073683825	2.0625997	0.28618859	-0.36131264	0.25139389	-0.29636162
1	1	2	14	0	1	300	1	2.5	2.5	0.0095	2	1080596	502	572	873	943	1445	NaN	264	27	0	0	0	94	2	1	1291	1312	22	15.316496	0.25113687	2.6618343	0.25113687	2.6618343	0.46519264	-0.11546118	0.24240748	0.00045476141
1	1	2	15	0	3	700	2	2.5	2.5	0.0095	2	1082985	502	572	1275	1345	1847	NaN	111	6	1	0	0	95	0	0	0	0	0	0	0	0	0	0	0	0	0	0
1	1	2	16	0	3	500	1	2.5	2.5	0.0095	1	1085625	503	573	1075	1145	1647	NaN	111	27	1	0	0	96	1	1	140	161	22	10.971165	0.1782566	2.9652263	0.1782566	2.9652263	0.15544574	-0.4766288	-0.020045703	-0.44535307
1	1	2	17	0	3	700	1	2.5	2.5	0.0095	2	1088186	502	572	1275	1345	1847	NaN	111	6	1	0	0	97	1	1	977	1021	45	13.935972	0.14685533	0.60798804	0.23993317	0.41118158	-0.084628197	-0.36927057	0.035910501	-0.28538428
1	1	2	18	0	1	700	1	2.5	2.5	0.0095	1	1090907	502	572	1275	1345	1847	NaN	111	27	1	0	0	98	0	0	0	0	0	0	0	0	0	0	0	0	0	0
1	1	2	19	0	1	100	2	2.5	2.5	0.0095	1	1093638	502	572	672	742	1245	NaN	774	27	1	0	0	99	1	1	185	204	20	15.018976	0.23295828	-0.11013074	0.23295828	-0.11013074	0.25874807	-0.56409098	0.49029502	-0.58969502
1	1	2	19	0	1	100	2	2.5	2.5	0.0095	1	1093638	502	572	672	742	1245	NaN	774	27	1	0	0	99	2	1	477	494	18	9.662227	0.15187087	2.3098212	0.15187087	2.3098212	0.34476355	-0.46992245	0.24246828	-0.35767078
1	1	2	20	0	3	900	1	2.5	2.5	0.0095	1	1096559	502	573	1476	1547	2049	NaN	111	27	1	0	0	100	1	1	86	103	18	14.043682	0.20038689	-0.43947388	0.20038689	-0.43947388	0.41098984	-0.34652211	0.59233509	-0.43177939
1	1	2	20	0	3	900	1	2.5	2.5	0.0095	1	1096559	502	573	1476	1547	2049	NaN	111	27	1	0	0	100	2	1	236	250	15	11.1439	0.13838612	2.4981193	0.13838612	2.4981193	0.40128148	-0.47789264	0.29057028	-0.39486404
1	1	2	20	0	3	900	1	2.5	2.5	0.0095	1	1096559	502	573	1476	1547	2049	NaN	111	27	1	0	0	100	3	1	1886	1907	22	15.175537	0.25182075	2.5867025	0.25182075	2.5867025	0.44353435	-0.13645578	0.22949721	-0.0037840385
1	1	2	21	0	3	100	1	2.5	2.5	0.0095	1	1099481	502	572	673	743	1245	NaN	111	27	1	0	0	101	1	1	175	187	13	8.0360151	0.088476836	2.9093638	0.088476836	2.9093638	0.31405351	-0.37394966	0.22795176	-0.35358697
1	1	2	21	0	3	100	1	2.5	2.5	0.0095	1	1099481	502	572	673	743	1245	NaN	111	27	1	0	0	101	2	1	239	282	44	25.925991	0.36144608	0.30175526	0.46717272	0.23201351	0.23955533	-0.42180876	0.58466994	-0.31438821
1	1	2	21	0	3	100	1	2.5	2.5	0.0095	1	1099481	502	572	673	743	1245	NaN	111	27	1	0	0	101	3	1	428	454	27	21.320049	0.40181358	-3.1243094	0.4019411	-3.1110439	0.51921419	-0.36860057	0.11746063	-0.37554486
1	1	2	22	0	1	500	2	2.5	2.5	0.0095	2	1101519	502	573	1075	1145	1647	NaN	203	27	0	0	0	102	1	1	1	22	22	28.150143	0.48057241	-0.01254617	0.48057241	-0.01254617	-0.081104286	-0.21766925	0.39943031	-0.22369843
1	1	2	23	0	3	900	1	2.5	2.5	0.0095	2	1104039	502	572	1476	1546	2048	NaN	111	27	0	0	0	103	1	1	867	882	16	8.7423727	0.11342618	2.535104	0.11342618	2.535104	0.24822728	-0.3087095	0.15503015	-0.24405818
1	1	2	23	0	3	900	1	2.5	2.5	0.0095	2	1104039	502	572	1476	1546	2048	NaN	111	27	0	0	0	103	2	1	1145	1164	20	8.7702721	0.14569733	1.1245296	0.14569733	1.1245296	0.30833787	-0.31138852	0.37122096	-0.17996011
1	1	2	23	0	3	900	1	2.5	2.5	0.0095	2	1104039	502	572	1476	1546	2048	NaN	111	27	0	0	0	103	3	1	1214	1240	27	17.946574	0.33540047	2.9467557	0.33564984	2.943026	0.33167136	-0.15824535	0.0026169241	-0.093309608
1	1	2	24	0	3	300	2	2.5	2.5	0.0095	1	1106911	502	572	873	944	1446	NaN	111	6	0	0	0	104	1	1	842	856	15	10.127852	0.12446983	0.60229478	0.12446983	0.60229478	0.012402511	-0.1718228	0.11497034	-0.10130629
1	1	2	25	0	1	100	1	2.5	2.5	0.0095	1	1109150	502	572	672	743	1245	NaN	111	27	1	0	0	105	1	1	1101	1123	23	14.114788	0.23536465	2.2076242	0.23536465	2.2076242	0.5314615	-0.34016394	0.39150236	-0.15093404
1	1	2	26	0	3	100	1	2.5	2.5	0.0095	1	1111238	502	572	673	743	1245	NaN	111	27	1	0	0	106	1	1	1131	1145	15	9.5125725	0.11698189	1.9215671	0.11698189	1.9215671	0.48261744	-0.23344422	0.44241992	-0.12358558
1	1	2	27	0	1	100	1	2.5	2.5	0.0095	2	1113447	502	572	673	743	1245	NaN	111	27	0	0	0	107	1	1	1	11	11	14.245133	0.10723344	-0.51191624	0.10723344	-0.51191624	0.53135261	-0.32305581	0.62483952	-0.37558397
1	1	2	28	0	3	900	2	2.5	2.5	0.0095	2	1115485	502	572	1476	1546	2048	NaN	111	27	0	0	0	108	1	1	46	58	13	6.4229053	0.070068863	1.6471173	0.070068863	1.6471173	0.39636129	-0.39685089	0.39101876	-0.326986
1	1	2	28	0	3	900	2	2.5	2.5	0.0095	2	1115485	502	572	1476	1546	2048	NaN	111	27	0	0	0	108	2	1	280	302	23	12.676972	0.21375808	0.33099444	0.21375808	0.33099444	0.37796349	-0.485265	0.5801187	-0.41579712
1	1	2	29	0	1	900	1	2.5	2.5	0.0095	1	1118467	502	572	1476	1546	2048	NaN	111	27	1	0	0	109	1	1	17	50	34	7.1652192	0.008534447	-1.9076277	0.091274249	-2.5531867	0.52573811	-0.2391643	0.52291749	-0.24721917
1	1	2	30	0	1	500	1	2.5	2.5	0.0095	2	1121439	502	572	1074	1145	1647	NaN	139	6	1	0	0	110	1	1	189	202	14	9.253384	0.11200379	3.0624934	0.11200379	3.0624934	0.15486581	-0.5364743	0.043212223	-0.52762412
1	1	2	30	0	1	500	1	2.5	2.5	0.0095	2	1121439	502	572	1074	1145	1647	NaN	139	6	1	0	0	110	2	1	266	287	22	22.418259	0.35733838	0.11140063	0.35734649	0.11160323	0.051047319	-0.56441155	0.40617069	-0.52468611
1	1	2	30	0	1	500	1	2.5	2.5	0.0095	2	1121439	502	572	1074	1145	1647	NaN	139	6	1	0	0	110	3	1	768	787	20	11.585561	0.18466712	2.4697674	0.18466712	2.4697674	-0.04655444	-0.53863517	-0.19109097	-0.42369547
1	1	2	32	0	1	900	1	2.5	2.5	0.0095	1	1126429	502	572	1476	1546	2048	NaN	111	27	1	0	0	111	1	1	1	34	34	16.071598	0.1788312	0.46206606	0.24515502	0.45133673	0.1181633	-0.47156473	0.27824107	-0.39184206
1	1	2	33	0	3	900	2	2.5	2.5	0.0095	1	1129301	502	572	1475	1546	2048	NaN	111	27	1	0	0	112	1	1	944	983	40	17.81428	0.20228772	0.47719413	0.30362915	0.47829295	0.12057149	-0.29921071	0.30026107	-0.20630227
1	1	2	34	0	3	300	1	2.5	2.5	0.0095	1	1132132	502	572	873	943	1446	NaN	120	27	1	0	0	113	0	0	0	0	0	0	0	0	0	0	0	0	0	0
1	1	2	35	0	1	500	1	2.5	2.5	0.0095	2	1134501	502	573	1075	1145	1647	NaN	111	27	0	0	0	114	1	1	218	230	13	8.3640783	0.091208611	0.33437889	0.091208611	0.33437889	-0.038358454	-0.43794904	0.047798507	-0.40801597
1	1	2	36	0	3	500	1	2.5	2.5	0.0095	2	1136941	502	572	1074	1145	1647	NaN	111	6	1	0	0	115	1	1	350	369	20	10.981333	0.16887878	1.7811874	0.16887878	1.7811874	0.17901281	-0.46883469	0.14374377	-0.30367981
1	1	2	37	0	1	500	2	2.5	2.5	0.0095	2	1139461	502	572	1075	1145	1647	NaN	111	6	1	0	0	116	1	1	1	20	20	15.959233	0.19935076	-2.8485754	0.19935076	-2.8485754	0.49339004	-0.14880749	0.30253626	-0.2063884
1	1	2	38	0	1	300	2	2.5	2.5	0.0095	2	1141931	502	572	873	944	1446	NaN	111	6	1	0	0	117	1	1	165	188	24	15.657728	0.27168246	3.0273855	0.27169272	3.0270569	0.43349542	-0.39343025	0.16358285	-0.36246959
1	1	2	39	0	1	500	2	2.5	2.5	0.0095	1	1144331	502	572	1074	1144	1646	NaN	111	27	1	0	0	118	1	1	1573	1597	25	15.689074	0.27656968	1.1376734	0.27656968	1.1376734	0.51561234	-0.54647624	0.63169069	-0.29544516
1	1	2	40	0	1	700	2	2.5	2.5	0.0095	1	1146991	502	573	1275	1346	1848	NaN	111	6	0	0	0	119	1	1	24	48	25	7.6548259	0.15526063	2.450813	0.15526063	2.450813	0.27715032	-0.50674302	0.15748327	-0.40782053
1	1	2	40	0	1	700	2	2.5	2.5	0.0095	1	1146991	502	573	1275	1346	1848	NaN	111	6	0	0	0	119	2	1	241	279	39	19.083032	0.24117226	0.21429674	0.32083057	0.22402392	-0.131747	-0.47211993	0.10390874	-0.42083217
1	1	2	41	0	3	900	1	2.5	2.5	0.0095	2	1149742	502	573	1476	1547	2049	NaN	111	27	0	0	0	120	0	0	0	0	0	0	0	0	0	0	0	0	0	0
1	1	2	42	0	3	900	1	2.5	2.5	0.0095	2	1152574	502	572	1475	1546	2048	NaN	111	27	0	0	0	121	1	1	1930	1951	22	12.069961	0.20117197	1.5068129	0.20155577	1.481924	0.64789513	-0.086333119	0.66075802	0.1144272
1	1	2	43	0	1	300	1	2.5	2.5	0.0095	1	1155415	502	572	874	944	1446	NaN	111	27	1	0	0	122	1	1	199	217	19	12.511187	0.1845606	0.18670468	0.1845606	0.18670468	0.11960232	-0.43497278	0.30095549	-0.40071429
1	1	2	44	0	3	100	1	2.5	2.5	0.0095	2	1157754	502	573	673	743	1245	NaN	111	6	1	0	0	123	0	0	0	0	0	0	0	0	0	0	0	0	0	0
1	1	2	45	0	1	300	2	2.5	2.5	0.0095	2	1159863	502	572	873	944	1446	NaN	111	6	1	0	0	124	1	1	202	218	17	11.829616	0.16010567	0.14255435	0.16010567	0.14255435	0.1734417	-0.38398325	0.33192331	-0.36123671
1	1	2	46	0	3	700	2	2.5	2.5	0.0095	1	1162102	502	572	1275	1345	1847	NaN	111	6	0	0	0	125	0	0	0	0	0	0	0	0	0	0	0	0	0	0
1	1	2	47	0	3	300	2	2.5	2.5	0.0095	2	1164863	502	572	873	944	1446	NaN	111	6	1	0	0	126	0	0	0	0	0	0	0	0	0	0	0	0	0	0
1	1	2	48	0	3	100	2	2.5	2.5	0.0095	1	1167102	502	572	673	743	1245	NaN	111	6	0	0	0	127	1	1	13	41	29	23.323658	0.44549735	-2.9285069	0.44603612	-2.9229945	0.25192657	-0.40343219	-0.18349497	-0.49764458
1	1	2	48	0	3	100	2	2.5	2.5	0.0095	1	1167102	502	572	673	743	1245	NaN	111	6	0	0	0	127	2	1	145	189	45	24.714472	0.33234364	0.01682869	0.44760558	0.052568323	-0.21043539	-0.5783938	0.12186119	-0.57280115
1	1	2	49	0	1	700	1	2.5	2.5	0.0095	2	1169240	502	573	1275	1346	1848	NaN	111	6	1	0	0	128	1	1	861	885	25	18.553806	0.32579871	0.50771144	0.32579871	0.50771144	-0.045259276	-0.50852704	0.239443	-0.35013066
1	1	2	50	0	1	300	1	2.5	2.5	0.0095	2	1171921	502	572	874	944	1446	NaN	111	6	1	0	0	129	1	1	59	85	27	25.679316	0.46208658	-3.1178312	0.46211156	-3.1156565	0.48850817	-0.069210303	0.026552034	-0.080189134
1	1	2	50	0	1	300	1	2.5	2.5	0.0095	2	1171921	502	572	874	944	1446	NaN	111	6	1	0	0	129	2	1	346	366	21	15.819443	0.24483955	0.13780696	0.24483955	0.13780696	-0.075628685	-0.41087426	0.1668897	-0.37724036
1	1	2	51	0	3	100	2	2.5	2.5	0.0095	1	1174271	501	572	672	742	1244	NaN	111	6	0	0	0	130	0	0	0	0	0	0	0	0	0	0	0	0	0	0
1	1	2	52	0	3	300	2	2.5	2.5	0.0095	1	1176309	502	572	873	943	1445	NaN	111	27	1	0	0	131	0	0	0	0	0	0	0	0	0	0	0	0	0	0
1	1	2	53	0	3	500	1	2.5	2.5	0.0095	1	1178658	502	572	1074	1145	1647	NaN	123	27	1	0	0	132	1	1	8	31	24	15.576114	0.27011099	3.0599468	0.27067729	3.0374652	0.47192906	-0.18261471	0.20271786	-0.16058575
1	1	2	54	0	3	100	1	2.5	2.5	0.0095	1	1181269	502	572	672	743	1245	NaN	120	27	1	0	0	133	0	0	0	0	0	0	0	0	0	0	0	0	0	0
1	1	2	55	0	1	900	2	2.5	2.5	0.0095	2	1183427	502	573	1476	1546	2048	NaN	383	27	0	0	0	134	1	1	198	210	13	8.7165172	0.094261721	0.66575147	0.094261721	0.66575147	0.058428639	-0.52204678	0.13256104	-0.463826
1	1	2	56	0	3	500	2	2.5	2.5	0.0095	2	1186710	502	573	1075	1145	1647	NaN	111	6	1	0	0	135	1	1	1614	1635	22	19.103606	0.2949081	0.43172299	0.2949081	0.43172299	0.26652219	-0.30880754	0.53437133	-0.18540728
1	1	2	57	0	3	900	2	2.5	2.5	0.0095	1	1189150	502	573	1476	1546	2048	NaN	111	6	0	0	0	136	1	1	174	190	17	10.704768	0.14549703	-0.075191544	0.14549815	-0.075293231	-0.042157586	-0.62270402	0.10292834	-0.63363386
1	1	2	57	0	3	900	2	2.5	2.5	0.0095	1	1189150	502	573	1476	1546	2048	NaN	111	6	0	0	0	136	2	1	839	864	26	14.56214	0.27607643	2.5953449	0.2765525	2.5925199	-0.062549922	-0.60193042	-0.29845165	-0.45851294
1	1	2	58	0	1	100	2	2.5	2.5	0.0095	2	1192042	502	572	672	743	1245	NaN	765	6	1	0	0	137	1	1	77	99	23	12.980772	0.21205522	-0.44567267	0.21205522	-0.44567267	0.22741665	-0.38092652	0.4187585	-0.47233609
1	1	2	59	0	3	900	1	2.5	2.5	0.0095	1	1194733	502	572	1475	1546	2048	NaN	118	27	1	0	0	138	1	1	885	898	14	6.549922	0.07569629	1.9281096	0.07569629	1.9281096	0.72191657	-0.050400723	0.69544115	0.020514582
1	1	2	59	0	3	900	1	2.5	2.5	0.0095	1	1194733	502	572	1475	1546	2048	NaN	118	27	1	0	0	138	2	1	1939	1959	21	11.042748	0.17424839	2.8328022	0.17424839	2.8328022	0.71422651	-0.15744257	0.54821975	-0.10448734
1	1	2	60	0	3	300	1	2.5	2.5	0.0095	1	1197584	502	572	873	944	1446	NaN	111	27	1	0	0	139	1	1	1	39	39	17.588003	0.1866013	-0.86971843	0.29461885	-0.50520206	0.32955238	-0.4210596	0.44991801	-0.56365049
1	1	2	60	0	3	300	1	2.5	2.5	0.0095	1	1197584	502	572	873	944	1446	NaN	111	27	1	0	0	139	2	1	1290	1331	42	26.135697	0.29873105	2.8814169	0.43640108	2.8074866	0.55383317	-0.50334811	0.26515599	-0.42649942
1	1	2	61	0	3	300	1	2.5	2.5	0.0095	2	1199823	502	572	873	944	1446	NaN	111	6	1	0	0	140	0	0	0	0	0	0	0	0	0	0	0	0	0	0
1	1	2	62	0	3	500	1	2.5	2.5	0.0095	1	1202062	502	572	1074	1144	1646	NaN	111	6	0	0	0	141	1	1	58	79	22	15.610247	0.25386317	-0.3262964	0.25386317	-0.3262964	-0.14538829	-0.48407457	0.095080034	-0.56544712
1	1	2	62	0	3	500	1	2.5	2.5	0.0095	1	1202062	502	572	1074	1144	1646	NaN	111	6	0	0	0	141	2	1	863	881	19	11.493015	0.17044199	2.2976964	0.17044199	2.2976964	-0.042437973	-0.41263358	-0.1557063	-0.28527284
1	1	2	65	0	3	700	2	2.5	2.5	0.0095	1	1207754	502	573	1276	1346	1848	NaN	137	27	1	0	0	142	1	1	200	216	17	12.478561	0.16857576	2.2251865	0.16857576	2.2251865	0.49865603	-0.14482869	0.3960481	-0.011077427
1	1	2	66	0	1	900	2	2.5	2.5	0.0095	2	1210556	502	572	1476	1546	2048	NaN	111	6	1	0	0	143	0	0	0	0	0	0	0	0	0	0	0	0	0	0
1	1	2	67	0	1	900	2	2.5	2.5	0.0095	1	1213518	502	572	1476	1546	2048	NaN	111	6	0	0	0	144	1	1	243	254	12	7.8733675	0.078129731	1.2897214	0.078129731	1.2897214	0.3025971	-0.42636719	0.32426939	-0.35130344
1	1	2	68	0	1	900	1	2.5	2.5	0.0095	1	1216480	502	572	1475	1546	2048	NaN	111	27	1	0	0	145	1	1	410	430	21	17.849149	0.27544686	0.49115139	0.27544686	0.49115139	0.29283081	-0.18287923	0.53571721	-0.052967059
1	1	2	68	0	1	900	1	2.5	2.5	0.0095	1	1216480	502	572	1475	1546	2048	NaN	111	27	1	0	0	145	2	1	1913	1938	26	25.70212	0.45396015	2.5966722	0.45396015	2.5966722	0.52952677	-0.082239383	0.14131432	0.15307088
1	1	2	69	0	3	700	1	2.5	2.5	0.0095	2	1219311	502	572	1275	1345	1847	NaN	113	6	1	0	0	146	1	1	759	801	43	18.603377	0.29419214	1.5965898	0.3539645	1.8581586	0.24839889	-0.14057517	0.2408115	0.15351911
1	1	2	70	0	1	500	1	2.5	2.5	0.0095	1	1222042	502	572	1074	1144	1646	NaN	111	27	1	0	0	147	0	0	0	0	0	0	0	0	0	0	0	0	0	0
1	1	2	71	0	3	300	1	2.5	2.5	0.0095	1	1224471	502	573	874	944	1446	NaN	111	27	1	0	0	148	1	1	1405	1445	41	15.055145	0.18642685	0.92036417	0.2726118	0.5754671	0.62700738	-0.17492319	0.73989451	-0.02656056
1	1	2	72	0	1	900	2	2.5	2.5	0.0095	1	1226721	502	572	1475	1546	2048	NaN	111	27	1	0	0	149	1	1	287	332	46	19.212092	0.22521774	0.29992273	0.35219388	0.22287166	-0.0094527979	-0.54862046	0.20571106	-0.4820807
1	1	2	72	0	1	900	2	2.5	2.5	0.0095	1	1226721	502	572	1475	1546	2048	NaN	111	27	1	0	0	149	2	1	1944	1967	24	18.893499	0.3156349	2.8447456	0.3156349	2.8447456	0.73121339	-0.1740252	0.42938326	-0.081699895
1	1	2	73	0	1	700	2	2.5	2.5	0.0095	1	1229582	502	572	1275	1345	1847	NaN	111	27	1	0	0	150	1	1	35	54	20	13.552739	0.20614415	0.79874873	0.20614415	0.79874873	0.078303802	-0.26723023	0.22211074	-0.11953129
1	1	2	73	0	1	700	2	2.5	2.5	0.0095	1	1229582	502	572	1275	1345	1847	NaN	111	27	1	0	0	150	2	1	794	810	17	10.756036	0.14815008	2.0735043	0.14815008	2.0735043	0.21661658	-0.23324392	0.14523783	-0.10342281
1	1	2	73	0	1	700	2	2.5	2.5	0.0095	1	1229582	502	572	1275	1345	1847	NaN	111	27	1	0	0	150	3	1	1777	1824	48	23.521763	0.25413884	0.30068775	0.41540066	0.19387042	0.72703609	-0.033374504	0.96977249	0.041895617
1	1	2	74	0	3	700	2	2.5	2.5	0.0095	2	1232223	502	572	1275	1345	1847	NaN	156	6	1	0	0	151	0	0	0	0	0	0	0	0	0	0	0	0	0	0
1	1	2	75	0	3	500	2	2.5	2.5	0.0095	2	1234893	502	573	1075	1145	1647	NaN	111	6	1	0	0	152	1	1	228	248	21	13.615349	0.21030934	0.083799604	0.21053049	0.095491934	0.31077698	-0.41609581	0.52034831	-0.39849259
1	1	2	76	0	1	100	2	2.5	2.5	0.0095	1	1237373	502	573	673	743	1245	NaN	111	6	0	0	0	153	1	1	1	48	48	40.699821	0.57267667	0.29635598	0.7668585	0.29874895	0.14977525	-0.59331242	0.69748724	-0.42606965
1	1	2	76	0	1	100	2	2.5	2.5	0.0095	1	1237373	502	573	673	743	1245	NaN	111	6	0	0	0	153	2	1	118	147	30	31.660028	0.60424962	-2.9942407	0.60424962	-2.9942407	0.61223857	-0.50683597	0.014537005	-0.59555148
1	1	2	76	0	1	100	2	2.5	2.5	0.0095	1	1237373	502	573	673	743	1245	NaN	111	6	0	0	0	153	3	1	1227	1243	17	28.286335	0.29600449	0.53860901	0.29600449	0.53860901	0.007710745	-0.61618846	0.26180781	-0.4643552
1	1	2	77	0	1	500	2	2.5	2.5	0.0095	2	1239451	502	573	1075	1145	1647	NaN	177	27	0	0	0	154	1	1	57	67	11	8.8099685	0.082049462	0.25354474	0.082049462	0.25354474	0.42228167	-0.34128408	0.50170795	-0.32070304
1	1	2	78	0	3	700	1	2.5	2.5	0.0095	1	1242082	502	572	1275	1346	1848	NaN	209	6	0	0	0	155	1	1	204	228	25	19.342659	0.34077608	2.8251981	0.34086009	2.8244461	0.20526599	-0.56135914	-0.11859512	-0.45532935
1	1	2	78	0	3	700	1	2.5	2.5	0.0095	1	1242082	502	572	1275	1346	1848	NaN	209	6	0	0	0	155	2	1	863	884	22	15.890372	0.25644699	0.42971188	0.25644699	0.42971188	0.074473462	-0.34562951	0.30760579	-0.23879141
1	1	2	79	0	1	700	2	2.5	2.5	0.0095	1	1244823	502	572	1275	1345	1847	NaN	111	27	1	0	0	156	1	1	813	833	21	12.413225	0.19114518	1.4037378	0.19142982	1.3951393	0.61956952	-0.24779685	0.65135362	-0.059312762
1	1	2	80	0	3	700	2	2.5	2.5	0.0095	1	1247564	502	572	1275	1346	1848	NaN	111	27	1	0	0	157	0	0	0	0	0	0	0	0	0	0	0	0	0	0
1	1	2	81	0	1	300	1	2.5	2.5	0.0095	2	1250205	501	572	873	943	1445	NaN	183	27	0	0	0	158	1	1	1	10	10	10.452405	0.07933563	2.1149077	0.07933563	2.1149077	1.0752933	-0.1039304	1.0342246	-0.036051814
1	1	2	81	0	1	300	1	2.5	2.5	0.0095	2	1250205	501	572	873	943	1445	NaN	183	27	0	0	0	158	2	1	188	201	14	9.7450553	0.11170274	0.91910134	0.11170274	0.91910134	1.160589	0.0017881401	1.2283406	0.09059817
1	1	2	82	0	1	700	2	2.5	2.5	0.0095	2	1252514	502	572	1275	1345	1847	NaN	111	6	1	0	0	159	0	0	0	0	0	0	0	0	0	0	0	0	0	0
1	1	2	83	0	1	900	2	2.5	2.5	0.0095	1	1255144	502	573	1476	1546	2048	NaN	111	6	0	0	0	160	0	0	0	0	0	0	0	0	0	0	0	0	0	0
1	2	1	1	0	1	700	2	2.5	2.5	0.0098	1	1393569	502	572	1275	1345	1847	NaN	605	6	0	0	0	1	1	1	255	271	17	11.913173	0.16418738	2.7729536	0.16418738	2.7729536	1.448349	0.13328542	1.295192	0.19244973
1	2	1	2	0	1	700	1	2.5	2.5	0.0098	2	1396711	502	572	1275	1346	1848	NaN	286	27	0	0	0	2	1	1	861	884	24	14.514914	0.25748879	2.6189633	0.25748879	2.6189633	1.4759482	0.21166665	1.2528317	0.3401948
1	2	1	3	0	3	500	2	2.5	2.5	0.0098	1	1399553	502	572	1074	1144	1646	NaN	126	6	0	0	0	3	0	0	0	0	0	0	0	0	0	0	0	0	0	0
1	2	1	4	0	3	700	2	2.5	2.5	0.0098	2	1402012	502	573	1275	1346	1848	NaN	273	6	1	0	0	4	0	0	0	0	0	0	0	0	0	0	0	0	0	0
1	2	1	5	0	3	700	2	2.5	2.5	0.0098	1	1404814	502	572	1275	1345	1847	NaN	584	27	1	0	0	5	0	0	0	0	0	0	0	0	0	0	0	0	0	0
1	2	1	6	0	1	700	1	2.5	2.5	0.0098	2	1407966	502	572	1275	1346	1848	NaN	111	6	1	0	0	6	1	1	106	129	24	9.4796182	0.1936792	-2.7621497	0.1936792	-2.7621497	1.4447377	-0.096694458	1.2648347	-0.16843385
1	2	1	6	0	1	700	1	2.5	2.5	0.0098	2	1407966	502	572	1275	1346	1848	NaN	111	6	1	0	0	6	2	1	536	550	15	10.780535	0.13230044	1.3122898	0.13230044	1.3122898	0.49527094	-0.50415382	0.52909182	-0.37624935
1	2	1	7	0	1	100	2	2.5	2.5	0.0098	2	1410627	502	572	673	743	1245	NaN	111	6	1	0	0	7	0	0	0	0	0	0	0	0	0	0	0	0	0	0
1	2	1	8	0	1	700	1	2.5	2.5	0.0098	1	1412725	502	573	1275	1346	1848	NaN	511	6	0	0	0	8	0	0	0	0	0	0	0	0	0	0	0	0	0	0
1	2	1	9	0	1	700	1	2.5	2.5	0.0098	2	1415828	502	572	1275	1345	1847	NaN	264	27	0	0	0	9	0	0	0	0	0	0	0	0	0	0	0	0	0	0
1	2	1	10	0	3	700	1	2.5	2.5	0.0098	1	1418729	502	573	1275	1346	1848	NaN	111	27	1	0	0	10	0	0	0	0	0	0	0	0	0	0	0	0	0	0
1	2	1	11	0	3	100	1	2.5	2.5	0.0098	1	1421440	502	573	673	743	1245	NaN	648	6	0	0	0	11	1	1	205	223	19	9.9460981	0.14941793	-3.0875376	0.14946204	-3.0823334	0.88266826	-0.11689938	0.73346858	-0.12497225
1	2	1	12	0	3	300	1	2.5	2.5	0.0098	2	1424051	502	572	873	943	1445	NaN	111	6	1	0	0	12	1	1	853	862	10	7.6781282	0.065703767	2.5145333	0.065703767	2.5145333	0.60747077	-0.14442933	0.55426672	-0.10587658
1	2	1	12	0	3	300	1	2.5	2.5	0.0098	2	1424051	502	572	873	943	1445	NaN	111	6	1	0	0	12	2	1	1431	1443	13	13.793913	0.13452314	0.35389114	0.13452314	0.35389114	0.56106547	-0.076023676	0.68725239	-0.029404623
1	2	1	13	0	3	100	1	2.5	2.5	0.0098	2	1426430	502	573	673	743	1245	NaN	111	6	1	0	0	13	0	0	0	0	0	0	0	0	0	0	0	0	0	0
1	2	1	14	0	3	700	1	2.5	2.5	0.0098	2	1428599	502	572	1275	1345	1847	NaN	111	6	1	0	0	14	1	1	1	19	19	13.102205	0.20547445	-0.034371351	0.20547445	-0.034371351	0.57948493	0.024523956	0.78483802	0.017462912
1	2	1	15	0	3	500	1	2.5	2.5	0.0098	1	1431310	502	572	1074	1144	1646	NaN	111	6	0	0	0	15	0	0	0	0	0	0	0	0	0	0	0	0	0	0
1	2	1	16	0	1	900	1	2.5	2.5	0.0098	2	1433800	502	572	1476	1546	2048	NaN	111	6	1	0	0	16	1	1	61	73	13	7.4747482	0.07999232	0.92379176	0.07999232	0.92379176	0.90037158	0.021044019	0.94859087	0.084869333
1	2	1	17	0	1	300	2	2.5	2.5	0.0098	1	1436741	503	573	874	944	1446	NaN	146	6	0	0	0	17	1	1	819	833	15	8.8037104	0.11104667	0.84808281	0.11104667	0.84808281	0.43354936	-0.3682348	0.5069981	-0.28494827
1	2	1	18	0	1	100	1	2.5	2.5	0.0098	1	1439041	502	572	672	743	1245	NaN	111	27	1	0	0	18	1	1	41	53	13	8.588074	0.092732212	0.70392137	0.092732212	0.70392137	1.0550182	0.075924427	1.1257089	0.13594182
1	2	1	19	0	1	900	1	2.5	2.5	0.0098	1	1441189	502	573	1476	1546	2049	NaN	111	6	0	0	0	19	0	0	0	0	0	0	0	0	0	0	0	0	0	0
1	2	1	20	0	1	700	1	2.5	2.5	0.0098	1	1444061	502	572	1275	1345	1847	NaN	111	27	1	0	0	20	0	0	0	0	0	0	0	0	0	0	0	0	0	0
1	2	1	21	0	3	700	2	2.5	2.5	0.0098	2	1446721	502	573	1276	1346	1848	NaN	111	6	1	0	0	21	1	1	60	72	13	5.6122615	0.065237965	-2.3169919	0.065237965	-2.3169919	0.88815633	-0.13527981	0.84386952	-0.18318254
1	2	1	22	0	3	100	1	2.5	2.5	0.0098	2	1449462	503	573	673	744	1245	NaN	513	27	0	0	0	22	1	1	83	104	22	11.384302	0.19495814	-1.9129	0.19495814	-1.9129	0.99132247	-0.028735445	0.92591993	-0.21239596
1	2	1	22	0	3	100	1	2.5	2.5	0.0098	2	1449462	503	573	673	744	1245	NaN	513	27	0	0	0	22	2	1	128	142	15	5.7461116	0.075620234	-2.7987416	0.075620234	-2.7987416	0.84773335	-0.23181516	0.77651421	-0.25723668
1	2	1	23	0	3	100	2	2.5	2.5	0.0098	1	1451972	502	573	673	743	1245	NaN	111	6	0	0	0	23	0	0	0	0	0	0	0	0	0	0	0	0	0	0
1	2	1	24	0	3	700	1	2.5	2.5	0.0098	1	1454091	502	572	1275	1346	1847	NaN	202	27	1	0	0	24	1	1	45	87	43	13.045267	0.14230527	-0.18130753	0.22224202	-0.34341422	1.0281587	0.050744945	1.1681314	0.025085053
1	2	1	24	0	3	700	1	2.5	2.5	0.0098	1	1454091	502	572	1275	1346	1847	NaN	202	27	1	0	0	24	2	1	158	174	17	5.9522341	0.088846033	-1.956111	0.088846033	-1.956111	1.0329872	-0.11224306	0.99959432	-0.19457492
1	2	1	24	0	3	700	1	2.5	2.5	0.0098	1	1454091	502	572	1275	1346	1847	NaN	202	27	1	0	0	24	3	1	237	260	24	13.453702	0.24200149	-3.0940702	0.24200149	-3.0940702	0.95129291	-0.25493066	0.70956464	-0.26642685
1	2	1	25	0	1	700	2	2.5	2.5	0.0098	2	1456822	502	572	1275	1345	1847	NaN	111	6	1	0	0	25	0	0	0	0	0	0	0	0	0	0	0	0	0	0
1	2	1	26	0	1	500	2	2.5	2.5	0.0098	2	1459503	502	572	1074	1144	1646	NaN	111	6	1	0	0	26	1	1	286	305	20	11.384761	0.17673146	2.9458744	0.17673146	2.9458744	0.60335154	-0.46919884	0.42999419	-0.43482967
1	2	1	27	0	3	900	1	2.5	2.5	0.0098	1	1461942	502	573	1476	1547	2049	NaN	303	27	1	0	0	27	1	1	198	211	14	8.169437	0.097660946	2.5182233	0.097660946	2.5182233	0.75536586	-0.52117583	0.67607337	-0.4641639
1	2	1	28	0	1	500	2	2.5	2.5	0.0098	2	1464975	502	572	1074	1144	1646	NaN	111	6	1	0	0	28	0	0	0	0	0	0	0	0	0	0	0	0	0	0
1	2	1	29	0	3	100	2	2.5	2.5	0.0098	1	1467515	502	572	672	743	1245	NaN	373	6	0	0	0	29	0	0	0	0	0	0	0	0	0	0	0	0	0	0
1	2	1	30	0	3	300	2	2.5	2.5	0.0098	2	1469884	502	573	874	944	1446	NaN	308	6	1	0	0	30	0	0	0	0	0	0	0	0	0	0	0	0	0	0
1	2	1	31	0	3	700	1	2.5	2.5	0.0098	2	1472314	502	572	1275	1345	1847	NaN	195	27	0	0	0	31	0	0	0	0	0	0	0	0	0	0	0	0	0	0
1	2	1	32	0	3	300	2	2.5	2.5	0.0098	1	1475045	502	572	873	944	1446	NaN	163	6	0	0	0	32	1	1	222	248	27	15.402174	0.29796431	2.9326388	0.29899245	2.9169985	0.78187632	-0.60956724	0.49039319	-0.54775854
1	2	1	33	0	1	500	1	2.5	2.5	0.0098	1	1477324	502	572	1074	1145	1646	NaN	1251	27	1	0	0	33	1	1	1568	1593	26	21.592051	0.3776457	2.8905886	0.3776457	2.8905886	0.95922052	-0.24156293	0.59340891	-0.14776453
1	2	1	34	0	3	900	1	2.5	2.5	0.0098	1	1480969	502	572	1476	1546	2048	NaN	188	27	1	0	0	34	1	1	88	107	20	10.764755	0.15557381	0.6162842	0.15660489	0.62551941	0.72557439	-0.15883982	0.85252757	-0.06891708
1	2	1	34	0	3	900	1	2.5	2.5	0.0098	1	1480969	502	572	1476	1546	2048	NaN	188	27	1	0	0	34	2	1	1959	1976	18	11.074703	0.15582892	2.8010754	0.15582892	2.8010754	1.0368567	0.19932808	0.88997515	0.251371
1	2	1	35	0	3	900	2	2.5	2.5	0.0098	2	1483960	503	573	1476	1547	2049	NaN	477	6	1	0	0	35	1	1	54	84	31	6.3487237	0.1731178	-2.1973018	0.1731178	-2.1973018	1.0786176	-0.033483822	0.97711565	-0.17372332
1	2	1	35	0	3	900	2	2.5	2.5	0.0098	2	1483960	503	573	1476	1547	2049	NaN	477	6	1	0	0	35	2	1	116	137	22	5.6513557	0.11181328	-2.4770187	0.11181328	-2.4770187	0.90623356	-0.25066103	0.81821643	-0.31961895
1	2	1	36	0	3	700	2	2.5	2.5	0.0098	1	1487254	502	572	1275	1345	1847	NaN	111	27	1	0	0	36	0	0	0	0	0	0	0	0	0	0	0	0	0	0
1	2	1	37	0	3	900	2	2.5	2.5	0.0098	2	1489904	502	573	1476	1547	2049	NaN	111	6	1	0	0	37	1	1	37	53	17	10.104257	0.13617338	0.65587661	0.13617338	0.65587661	0.65636487	-0.27631392	0.76428412	-0.19326801
1	2	1	37	0	3	900	2	2.5	2.5	0.0098	2	1489904	502	573	1476	1547	2049	NaN	111	6	1	0	0	37	2	1	64	74	11	5.9112889	0.056382463	-2.752121	0.056382463	-2.752121	0.75233638	-0.18863469	0.70017641	-0.21004309
1	2	1	38	0	1	900	1	2.5	2.5	0.0098	1	1492756	502	572	1476	1546	2048	NaN	111	27	1	0	0	38	1	1	36	55	20	5.8650103	0.10577518	-2.5388203	0.10577518	-2.5388203	1.1445271	0.0065541242	1.0573929	-0.053412827
1	2	1	39	0	1	300	2	2.5	2.5	0.0098	1	1495687	502	573	874	944	1446	NaN	111	27	1	0	0	39	0	0	0	0	0	0	0	0	0	0	0	0	0	0
1	2	1	40	0	1	300	1	2.5	2.5	0.0098	1	1498097	502	573	874	944	1446	NaN	111	27	1	0	0	40	1	1	852	871	20	12.131812	0.19120044	0.39159615	0.19120044	0.39159615	0.32956655	-0.40328785	0.50629332	-0.33031348
1	2	1	40	0	1	300	1	2.5	2.5	0.0098	1	1498097	502	573	874	944	1446	NaN	111	27	1	0	0	40	2	1	1335	1352	18	10.497424	0.15015287	-3.0909371	0.15019388	-3.0858106	0.66299678	-0.077437882	0.51303651	-0.08504071
1	2	1	41	0	1	300	1	2.5	2.5	0.0098	2	1500416	502	573	874	944	1446	NaN	111	6	1	0	0	41	1	1	475	514	40	13.566831	0.16349943	0.53183999	0.2303635	0.40108967	-0.0047839448	-0.67005168	0.1361322	-0.58713785
1	2	1	42	0	1	300	2	2.5	2.5	0.0098	1	1502655	502	573	874	944	1446	NaN	1633	27	1	0	0	42	0	0	0	0	0	0	0	0	0	0	0	0	0	0
1	2	1	43	0	1	500	2	2.5	2.5	0.0098	1	1506410	502	573	1075	1145	1647	NaN	111	27	1	0	0	43	1	1	795	826	32	17.115823	0.25712829	-0.046809198	0.28112045	-0.19709141	0.6214642	-0.12861712	0.87831084	-0.14064869
1	2	1	44	0	1	300	2	2.5	2.5	0.0098	1	1508951	502	572	873	943	1445	NaN	225	27	1	0	0	44	1	1	1	18	18	21.584609	0.27758081	2.9103895	0.27758081	2.9103895	1.0026101	-0.40792926	0.73241532	-0.34432195
1	2	1	44	0	1	300	2	2.5	2.5	0.0098	1	1508951	502	572	873	943	1445	NaN	225	27	1	0	0	44	2	1	1336	1357	22	13.727271	0.22270979	1.9358543	0.22270979	1.9358543	0.43397995	-0.34282236	0.35447178	-0.13478846
1	2	1	45	0	1	500	1	2.5	2.5	0.0098	2	1511440	503	573	1075	1145	1647	NaN	111	6	1	0	0	45	0	0	0	0	0	0	0	0	0	0	0	0	0	0
1	2	1	46	0	3	100	1	2.5	2.5	0.0098	2	1513991	502	572	673	743	1245	NaN	111	6	1	0	0	46	0	0	0	0	0	0	0	0	0	0	0	0	0	0
1	2	1	47	0	3	300	1	2.5	2.5	0.0098	1	1516019	502	572	873	944	1446	NaN	111	6	0	0	0	47	1	1	202	214	13	5.1983084	0.057401873	-2.9134618	0.057401873	-2.9134618	0.68577772	-0.060434665	0.62986308	-0.073416511
1	2	1	47	0	3	300	1	2.5	2.5	0.0098	1	1516019	502	572	873	944	1446	NaN	111	6	0	0	0	47	2	1	553	564	12	5.1267222	0.052178166	0.7775053	0.052178166	0.7775053	0.45352732	-0.32487337	0.49071292	-0.28827019
1	2	1	48	0	3	900	2	2.5	2.5	0.0098	2	1518248	502	572	1476	1546	2048	NaN	1030	6	1	0	0	48	1	1	1	14	14	26.968143	0.21602553	1.9726252	0.21602553	1.9726252	0.57051163	-0.68683806	0.48602357	-0.48801956
1	2	1	48	0	3	900	2	2.5	2.5	0.0098	2	1518248	502	572	1476	1546	2048	NaN	1030	6	1	0	0	48	2	1	1962	1977	16	8.8719594	0.11366174	1.5939294	0.11366174	1.5939294	0.4821844	-0.24881798	0.47955529	-0.13518666
1	2	1	49	0	3	700	2	2.5	2.5	0.0098	2	1522003	502	572	1275	1345	1847	NaN	370	27	0	0	0	49	0	0	0	0	0	0	0	0	0	0	0	0	0	0
1	2	1	51	0	3	100	1	2.5	2.5	0.0098	1	1525939	502	572	672	743	1245	NaN	111	6	0	0	0	50	1	1	1	11	11	10.387733	0.079267821	-2.5970245	0.079267821	-2.5970245	0.97424285	-0.10293262	0.90644103	-0.14399722
1	2	1	52	0	1	300	1	2.5	2.5	0.0098	1	1527977	502	572	873	943	1445	NaN	128	27	1	0	0	51	1	1	83	107	25	14.091186	0.250752	3.0693837	0.250752	3.0693837	1.0258783	-0.13349512	0.77577977	-0.11540431
1	2	1	53	0	3	900	1	2.5	2.5	0.0098	2	1530226	502	572	1476	1546	2048	NaN	523	6	1	0	0	52	1	1	95	109	15	8.7437541	0.10745741	2.9888088	0.10745741	2.9888088	0.71158031	0.010214219	0.60537465	0.026568175
1	2	1	54	0	1	700	1	2.5	2.5	0.0098	2	1533479	502	572	1275	1345	1847	NaN	1143	27	0	0	0	53	1	1	1	20	20	9.1389978	0.14887423	1.9962507	0.14887423	1.9962507	0.71842844	-0.49055761	0.65698289	-0.35495532
1	2	1	56	0	3	100	2	2.5	2.5	0.0098	2	1538479	502	572	672	743	1245	NaN	186	27	0	0	0	54	0	0	0	0	0	0	0	0	0	0	0	0	0	0
1	2	1	57	0	3	700	1	2.5	2.5	0.0098	1	1540587	502	573	1275	1346	1848	NaN	111	6	0	0	0	55	1	1	201	221	21	12.401892	0.19279673	0.42020369	0.19279673	0.42020369	0.51914885	-0.38553749	0.6951734	-0.30688675
1	2	1	58	0	1	100	1	2.5	2.5	0.0098	2	1543348	502	573	673	743	1245	NaN	228	27	0	0	0	56	0	0	0	0	0	0	0	0	0	0	0	0	0	0
1	2	1	59	0	3	900	1	2.5	2.5	0.0098	1	1545497	502	572	1476	1546	2048	NaN	149	27	1	0	0	57	0	0	0	0	0	0	0	0	0	0	0	0	0	0
1	2	1	60	0	1	500	2	2.5	2.5	0.0098	2	1548539	502	572	1074	1145	1647	NaN	219	27	0	0	0	58	1	1	831	847	17	10.528596	0.14685391	0.40891388	0.14685391	0.40891388	0.21632	-0.48051262	0.35106628	-0.4221216
1	2	1	61	0	1	500	1	2.5	2.5	0.0098	2	1551129	502	573	1075	1145	1647	NaN	189	27	0	0	0	59	0	0	0	0	0	0	0	0	0	0	0	0	0	0
1	2	1	62	0	1	700	1	2.5	2.5	0.0098	1	1553790	502	572	1275	1345	1847	NaN	249	27	1	0	0	60	1	1	1	41	41	49.893371	0.83017463	-0.10006177	0.89279927	-0.093021929	0.57435062	-0.20524521	1.4003727	-0.2881754
1	2	1	62	0	1	700	1	2.5	2.5	0.0098	1	1553790	502	572	1275	1345	1847	NaN	249	27	1	0	0	60	2	1	140	165	26	25.376725	0.45462751	-3.0016962	0.45462751	-3.0016962	1.2377568	-0.39085582	0.7875708	-0.45424932
1	2	1	62	0	1	700	1	2.5	2.5	0.0098	1	1553790	502	572	1275	1345	1847	NaN	249	27	1	0	0	60	3	1	805	824	20	14.331882	0.21933127	2.8178659	0.21933127	2.8178659	0.56424363	-0.03010413	0.35630519	0.039665566
1	2	1	63	0	1	500	2	2.5	2.5	0.0098	1	1556571	502	573	1075	1145	1647	NaN	111	27	1	0	0	61	1	1	299	320	22	14.756703	0.23592162	0.73623564	0.23592162	0.73623564	1.17329	-0.43146199	1.3481083	-0.27303985
1	2	1	64	0	1	900	1	2.5	2.5	0.0098	2	1559061	502	573	1476	1546	2048	NaN	111	6	1	0	0	62	0	0	0	0	0	0	0	0	0	0	0	0	0	0
1	2	1	65	0	3	100	2	2.5	2.5	0.0098	2	1561903	502	572	672	743	1245	NaN	111	27	0	0	0	63	1	1	168	191	24	16.211683	0.28141917	2.8581978	0.28141917	2.8581978	0.82705179	-0.51553461	0.55685795	-0.43684511
1	2	1	66	0	3	900	2	2.5	2.5	0.0098	1	1564061	502	573	1476	1546	2048	NaN	111	27	1	0	0	64	0	0	0	0	0	0	0	0	0	0	0	0	0	0
1	2	1	67	0	3	700	2	2.5	2.5	0.0098	1	1566993	502	572	1275	1345	1847	NaN	111	27	1	0	0	65	1	1	149	162	14	8.9249701	0.10238639	0.64850137	0.10238639	0.64850137	0.63876018	-0.27759484	0.7203611	-0.21575421
1	2	1	68	0	1	500	2	2.5	2.5	0.0098	2	1569674	502	572	1074	1144	1646	NaN	111	27	0	0	0	66	1	1	1	11	11	16.319722	0.12127456	2.5814536	0.12127456	2.5814536	1.0793298	-0.091422119	0.97658828	-0.026988459
1	2	1	69	0	3	500	2	2.5	2.5	0.0098	2	1572164	502	572	1074	1144	1646	NaN	436	6	1	0	0	67	1	1	151	175	25	14.033898	0.24694306	-2.8671753	0.24694306	-2.8671753	0.97772329	-0.28404873	0.74002004	-0.35096688
1	2	1	69	0	3	500	2	2.5	2.5	0.0098	2	1572164	502	572	1074	1144	1646	NaN	436	6	1	0	0	67	2	1	992	1002	11	4.5503888	0.04418548	1.3501969	0.04418548	1.3501969	0.78429056	-0.23192476	0.79395898	-0.18881005
1	2	1	70	0	3	700	2	2.5	2.5	0.0098	1	1575065	502	573	1275	1346	1848	NaN	111	27	1	0	0	68	1	1	1	17	17	20.230809	0.21926344	-2.9917374	0.21926631	-2.9916507	1.6668879	0.0047118596	1.4500819	-0.028023082
1	2	1	70	0	3	700	2	2.5	2.5	0.0098	1	1575065	502	573	1275	1346	1848	NaN	111	27	1	0	0	68	2	1	131	161	31	17.879994	0.36368623	-2.8131815	0.36368623	-2.8131815	1.153597	-0.29418026	0.8093476	-0.41148344
1	2	1	70	0	3	700	2	2.5	2.5	0.0098	1	1575065	502	573	1275	1346	1848	NaN	111	27	1	0	0	68	3	1	333	358	26	23.580085	0.41739845	0.21391458	0.41742679	0.21422687	0.67069616	-0.5713225	1.078581	-0.48271429
1	2	1	70	0	3	700	2	2.5	2.5	0.0098	1	1575065	502	573	1275	1346	1848	NaN	111	27	1	0	0	68	4	1	783	805	23	15.17899	0.25855524	-2.9363714	0.25855524	-2.9363714	0.79155345	-0.37976409	0.53842376	-0.43245345
1	2	1	71	0	3	700	1	2.5	2.5	0.0098	2	1577716	502	572	1275	1345	1847	NaN	146	6	1	0	0	69	1	1	214	226	13	7.1285377	0.078267602	-0.029268833	0.078378687	-0.060754393	0.65769861	-0.44598034	0.73593269	-0.44827082
1	2	1	72	0	1	900	2	2.5	2.5	0.0098	2	1580487	502	572	1476	1546	2048	NaN	174	6	1	0	0	70	1	1	1	44	44	80.987231	0.87370344	-0.095460656	1.0235558	-0.081451194	0.98258581	-0.31315088	1.8523114	-0.39642857
1	2	1	72	0	1	900	2	2.5	2.5	0.0098	2	1580487	502	572	1476	1546	2048	NaN	174	6	1	0	0	70	2	1	109	143	35	46.770208	0.95698381	-3.113127	0.95698381	-3.113127	1.6788456	-0.42433003	0.72224945	-0.45156755
1	2	1	73	0	3	300	1	2.5	2.5	0.0098	2	1583479	502	572	874	944	1446	NaN	111	6	1	0	0	71	1	1	824	842	19	12.757488	0.18675903	0.61190073	0.18675903	0.61190073	0.44232694	-0.36139191	0.59519998	-0.25411297
1	2	1	74	0	3	300	1	2.5	2.5	0.0098	2	1585839	502	572	873	943	1445	NaN	110	6	1	0	0	72	1	1	811	831	21	15.5286	0.24503101	0.33383007	0.24503101	0.33383007	0.26159058	-0.62133735	0.49309449	-0.5410495
1	2	1	75	0	1	900	1	2.5	2.5	0.0098	1	1588077	502	573	1476	1547	2049	NaN	216	27	1	0	0	73	0	0	0	0	0	0	0	0	0	0	0	0	0	0
1	2	1	76	0	3	900	2	2.5	2.5	0.0098	2	1591110	502	572	1475	1546	2048	NaN	111	6	1	0	0	74	1	1	55	68	14	5.2069432	0.067065376	-2.2146902	0.067065376	-2.2146902	0.97287872	0.014052833	0.93261842	-0.03958366
1	2	1	76	0	3	900	2	2.5	2.5	0.0098	2	1591110	502	572	1475	1546	2048	NaN	111	6	1	0	0	74	2	1	113	129	17	5.1777973	0.080749838	-2.0199088	0.080749838	-2.0199088	0.81695972	-0.16940088	0.78190087	-0.24214299
1	2	1	76	0	3	900	2	2.5	2.5	0.0098	2	1591110	502	572	1475	1546	2048	NaN	111	6	1	0	0	74	3	1	1998	2019	22	12.129993	0.20791072	2.9010459	0.20791072	2.9010459	0.9040218	-0.38319993	0.70209727	-0.3336686
1	2	1	77	0	3	100	2	2.5	2.5	0.0098	1	1593951	502	572	673	743	1245	NaN	427	27	1	0	0	75	0	0	0	0	0	0	0	0	0	0	0	0	0	0
1	2	1	78	0	1	100	1	2.5	2.5	0.0098	2	1596431	502	572	673	743	1245	NaN	111	6	1	0	0	76	1	1	253	266	14	7.2580929	0.087058544	2.4472872	0.087058544	2.4472872	0.59909417	-0.64802885	0.53218983	-0.59232428
1	2	1	79	0	1	500	1	2.5	2.5	0.0098	2	1598539	502	572	1074	1145	1647	NaN	111	6	1	0	0	77	1	1	26	43	18	10.36983	0.1506453	2.4456222	0.1506453	2.4456222	0.98178676	-0.1552471	0.86617675	-0.058663802
1	2	1	79	0	1	500	1	2.5	2.5	0.0098	2	1598539	502	572	1074	1145	1647	NaN	111	6	1	0	0	77	2	1	331	344	14	9.0185381	0.10476409	0.2729476	0.10476409	0.2729476	0.56284212	-0.46797613	0.6637279	-0.43973476
1	2	1	80	0	3	500	2	2.5	2.5	0.0098	1	1601090	502	572	1074	1144	1646	NaN	118	27	1	0	0	78	1	1	1	18	18	11.02586	0.10214794	2.6805622	0.10759634	2.5872451	1.0868297	-0.14153951	0.99534658	-0.09609683
1	2	1	80	0	3	500	2	2.5	2.5	0.0098	1	1601090	502	572	1074	1144	1646	NaN	118	27	1	0	0	78	2	1	53	78	26	6.4956757	0.14526148	-2.1977258	0.14526148	-2.1977258	0.96531797	-0.19519305	0.88009875	-0.31283054
1	2	1	81	0	1	300	1	2.5	2.5	0.0098	2	1603529	502	573	874	944	1446	NaN	111	6	1	0	0	79	1	1	221	242	22	13.009239	0.21399131	3.1200878	0.21405657	3.1088486	0.69245921	-0.23090259	0.47851738	-0.22630108
1	2	1	81	0	1	300	1	2.5	2.5	0.0098	2	1603529	502	573	874	944	1446	NaN	111	6	1	0	0	79	2	1	281	325	45	23.71494	0.37475793	0.30957481	0.43939459	0.26652997	0.52121093	-0.24963783	0.87815406	-0.13546645
1	2	1	81	0	1	300	1	2.5	2.5	0.0098	2	1603529	502	573	874	944	1446	NaN	111	6	1	0	0	79	3	1	406	430	25	14.628248	0.26589977	3.1388454	0.26591094	3.1320244	0.73889435	-0.16917657	0.47299559	-0.16844608
1	2	1	82	0	3	500	1	2.5	2.5	0.0098	2	1605909	502	572	1074	1144	1646	NaN	111	6	1	0	0	80	1	1	889	937	49	54.149754	1.0258114	0.27733063	1.0960562	0.26602811	0.19307556	-0.53553703	1.1796904	-0.25468089
1	2	1	82	0	3	500	1	2.5	2.5	0.0098	2	1605909	502	572	1074	1144	1646	NaN	111	6	1	0	0	80	2	1	999	1046	48	46.921449	0.81513194	-3.0837827	0.89864806	-3.0637973	1.1237602	-0.26056862	0.30998993	-0.30766514
1	2	2	1	0	3	900	2	2.5	2.5	0.0098	1	1610477	502	572	1476	1546	2048	NaN	113	6	0	0	0	81	1	1	741	760	20	11.291232	0.17527775	2.7177658	0.17541177	2.7160756	0.5336686	-0.54257069	0.3738991	-0.47048742
1	2	2	2	0	1	100	2	2.5	2.5	0.0098	2	1613399	502	572	673	743	1245	NaN	554	6	1	0	0	82	0	0	0	0	0	0	0	0	0	0	0	0	0	0
1	2	2	3	0	3	300	1	2.5	2.5	0.0098	2	1615959	502	572	874	944	1446	NaN	111	6	1	0	0	83	1	1	23	46	24	14.450988	0.25688047	2.8712039	0.25688047	2.8712039	1.791176	-0.057212944	1.5436287	0.011401397
1	2	2	4	0	3	100	1	2.5	2.5	0.0098	1	1618298	503	573	673	744	1245	NaN	207	27	1	0	0	84	1	1	144	167	24	15.265577	0.26584167	3.0628204	0.26590593	3.0598161	1.2676814	-0.1935082	1.0026641	-0.17258891
1	2	2	5	0	1	100	1	2.5	2.5	0.0098	1	1620427	502	572	673	743	1245	NaN	111	27	1	0	0	85	1	1	1	17	17	26.075673	0.29541476	0.24541938	0.29541476	0.24541938	1.102734	-0.16026795	1.3892968	-0.088493046
1	2	2	6	0	3	300	1	2.5	2.5	0.0098	1	1622485	502	572	874	944	1446	NaN	111	27	1	0	0	86	1	1	166	181	16	11.829853	0.15166218	-0.1261939	0.15166218	-0.1261939	0.39305548	-0.45246758	0.54351166	-0.47155567
1	2	2	7	0	3	500	1	2.5	2.5	0.0098	2	1624724	502	572	1074	1145	1647	NaN	111	6	1	0	0	87	1	1	212	251	40	9.3014255	0.015202613	1.814038	0.13763371	2.6664967	0.67248417	-0.57464006	0.66882262	-0.55988498
1	2	2	8	0	1	900	1	2.5	2.5	0.0098	2	1627164	502	572	1476	1546	2048	NaN	110	6	1	0	0	88	1	1	183	274	92	44.706051	0.44716905	0.069549507	0.99546103	0.090621014	0.77873623	-0.53120149	1.2248242	-0.50012617
1	2	2	8	0	1	900	1	2.5	2.5	0.0098	2	1627164	502	572	1476	1546	2048	NaN	110	6	1	0	0	88	2	1	347	375	29	36.05678	0.67885877	-3.1307146	0.67916098	-3.1098388	1.152167	-0.51821376	0.47334837	-0.5255983
1	2	2	8	0	1	900	1	2.5	2.5	0.0098	2	1627164	502	572	1476	1546	2048	NaN	110	6	1	0	0	88	3	1	1978	1997	20	14.978846	0.2293144	0.42713063	0.2293144	0.42713063	0.99322911	-0.47097945	1.2019415	-0.37598346
1	2	2	9	0	1	100	2	2.5	2.5	0.0098	2	1630005	502	573	673	743	1245	NaN	146	6	1	0	0	89	1	1	51	73	23	24.33362	0.40062271	0.32131441	0.40062271	0.32131441	0.83321837	-0.51112253	1.2133377	-0.38460028
1	2	2	9	0	1	100	2	2.5	2.5	0.0098	2	1630005	502	573	673	743	1245	NaN	146	6	1	0	0	89	2	1	196	221	26	19.865234	0.3670383	-3.1315151	0.36722228	-3.108372	1.0134055	-0.52011651	0.64638585	-0.52381528
1	2	2	10	0	3	500	1	2.5	2.5	0.0098	2	1632073	503	573	1075	1145	1647	NaN	319	27	0	0	0	90	0	0	0	0	0	0	0	0	0	0	0	0	0	0
1	2	2	11	0	1	700	2	2.5	2.5	0.0098	1	1634865	502	572	1275	1345	1847	NaN	183	27	1	0	0	91	1	1	807	821	15	7.3891693	0.096933028	0.4850762	0.096933028	0.4850762	0.72691676	-0.31938463	0.81266754	-0.27418711
1	2	2	12	0	3	500	1	2.5	2.5	0.0098	1	1637716	502	572	1074	1145	1647	NaN	111	27	1	0	0	92	1	1	1548	1568	21	19.803417	0.32026074	0.44457435	0.32026074	0.44457435	1.3689687	-0.051014637	1.6580981	0.086721067
1	2	2	13	0	3	900	1	2.5	2.5	0.0098	2	1640236	502	573	1476	1546	2048	NaN	111	27	0	0	0	93	0	0	0	0	0	0	0	0	0	0	0	0	0	0
1	2	2	14	0	3	100	2	2.5	2.5	0.0098	1	1643138	502	572	672	743	1245	NaN	111	27	1	0	0	94	1	1	12	25	14	6.5364781	0.08120515	-2.4368109	0.08120515	-2.4368109	1.7172519	0.092855987	1.6553937	0.040245803
1	2	2	14	0	3	100	2	2.5	2.5	0.0098	1	1643138	502	572	672	743	1245	NaN	111	27	1	0	0	94	2	1	1117	1143	27	26.305969	0.49540638	0.27181668	0.49540638	0.27181668	1.4561566	-0.13906849	1.933374	-0.006060861
1	2	2	15	0	1	900	2	2.5	2.5	0.0098	2	1645176	502	572	1476	1546	2048	NaN	111	27	0	0	0	95	0	0	0	0	0	0	0	0	0	0	0	0	0	0
1	2	2	16	0	1	900	2	2.5	2.5	0.0098	1	1648118	502	572	1476	1546	2048	NaN	111	6	0	0	0	96	0	0	0	0	0	0	0	0	0	0	0	0	0	0
1	2	2	17	0	3	700	1	2.5	2.5	0.0098	2	1651019	503	573	1276	1346	1848	NaN	111	6	1	0	0	97	1	1	71	92	22	11.462424	0.19490292	-2.8866679	0.19490292	-2.8866679	1.743705	-0.14574319	1.5551009	-0.19489238
1	2	2	18	0	3	100	1	2.5	2.5	0.0098	1	1653660	502	572	673	743	1245	NaN	111	27	1	0	0	98	1	1	1164	1213	50	24.848802	0.31488181	0.23514557	0.47694407	0.27291874	1.5225692	0.24565566	1.8287856	0.31901826
1	2	2	19	0	1	300	2	2.5	2.5	0.0098	1	1655698	502	572	874	944	1446	NaN	111	27	1	0	0	99	1	1	169	188	20	9.9793259	0.15065467	1.2999175	0.15065467	1.2999175	1.1881255	-0.15251914	1.2284374	-0.0073579208
1	2	2	19	0	1	300	2	2.5	2.5	0.0098	1	1655698	502	572	874	944	1446	NaN	111	27	1	0	0	99	2	1	877	899	23	15.649223	0.25627627	0.22905459	0.25627627	0.22905459	1.0670165	-0.10892608	1.3165992	-0.050736784
1	2	2	20	0	1	300	2	2.5	2.5	0.0098	1	1657987	502	573	874	944	1446	NaN	111	27	1	0	0	100	1	1	39	57	19	9.2560753	0.14437956	1.9446145	0.14437956	1.9446145	1.3771129	-0.45706376	1.3243894	-0.32265507
1	2	2	20	0	1	300	2	2.5	2.5	0.0098	1	1657987	502	573	874	944	1446	NaN	111	27	1	0	0	100	2	1	137	148	12	6.6672163	0.070556124	2.9040065	0.070556124	2.9040065	1.0622746	-0.37540227	0.99370048	-0.35879637
1	2	2	20	0	1	300	2	2.5	2.5	0.0098	1	1657987	502	573	874	944	1446	NaN	111	27	1	0	0	100	3	1	816	827	12	7.6860005	0.076985481	1.6358734	0.076985481	1.6358734	0.59226848	-0.20612992	0.58726203	-0.1293074
1	2	2	21	0	1	700	2	2.5	2.5	0.0098	2	1660226	502	573	1275	1346	1848	NaN	111	6	1	0	0	101	1	1	14	62	49	19.343388	0.1869763	0.26621052	0.32348897	0.2814557	0.72560137	-0.19755626	0.90599139	-0.14836704
1	2	2	22	0	3	500	2	2.5	2.5	0.0098	2	1662917	502	572	1074	1145	1647	NaN	111	6	1	0	0	102	0	0	0	0	0	0	0	0	0	0	0	0	0	0
1	2	2	23	0	1	100	1	2.5	2.5	0.0098	2	1665357	502	572	672	743	1245	NaN	111	27	0	0	0	103	1	1	149	165	17	15.629442	0.21576234	2.6972782	0.21576234	2.6972782	1.1495401	-0.36201147	0.95472706	-0.2692684
1	2	2	23	0	1	100	1	2.5	2.5	0.0098	2	1665357	502	572	672	743	1245	NaN	111	27	0	0	0	103	2	1	437	462	26	35.464719	0.62935195	0.26815223	0.62935195	0.26815223	0.74479545	-0.46658054	1.3516557	-0.29983364
1	2	2	23	0	1	100	1	2.5	2.5	0.0098	2	1665357	502	572	672	743	1245	NaN	111	27	0	0	0	103	3	1	732	755	24	22.907321	0.41046152	3.0864347	0.41046152	3.0864347	1.0644192	-0.3047725	0.65458187	-0.28214376
1	2	2	23	0	1	100	1	2.5	2.5	0.0098	2	1665357	502	572	672	743	1245	NaN	111	27	0	0	0	103	4	1	1184	1195	12	10.240631	0.10467164	2.3965669	0.10467164	2.3965669	0.97186228	-0.14231654	0.89492125	-0.071350136
1	2	2	24	0	1	100	1	2.5	2.5	0.0098	2	1667405	502	572	673	743	1245	NaN	118	6	1	0	0	104	1	1	1	27	27	28.135777	0.16011243	2.2696142	0.22052293	2.0567848	1.3036588	-0.11048515	1.2006564	0.012097435
1	2	2	24	0	1	100	1	2.5	2.5	0.0098	2	1667405	502	572	673	743	1245	NaN	118	6	1	0	0	104	2	1	46	63	18	5.6950177	0.090783274	-1.4612434	0.090837075	-1.4559843	1.2099792	-0.054503441	1.2199049	-0.14474248
1	2	2	24	0	1	100	1	2.5	2.5	0.0098	2	1667405	502	572	673	743	1245	NaN	118	6	1	0	0	104	3	1	86	98	13	5.976624	0.069166533	-2.3736656	0.069166533	-2.3736656	1.1706416	-0.21438827	1.1208865	-0.26243449
1	2	2	25	0	3	300	2	2.5	2.5	0.0098	1	1669564	502	572	873	943	1445	NaN	111	27	1	0	0	105	0	0	0	0	0	0	0	0	0	0	0	0	0	0
1	2	2	26	0	3	300	2	2.5	2.5	0.0098	2	1671793	502	572	873	943	1446	NaN	111	6	1	0	0	106	1	1	8	34	27	20.635967	0.3815421	0.02341363	0.38158874	0.028152965	0.47233462	-0.17011715	0.85377215	-0.16118468
1	2	2	26	0	3	300	2	2.5	2.5	0.0098	2	1671793	502	572	873	943	1446	NaN	111	6	1	0	0	106	2	1	219	234	16	10.68252	0.13673175	0.038485281	0.13673175	0.038485281	0.48819391	-0.26248787	0.62482442	-0.257227
1	2	2	26	0	3	300	2	2.5	2.5	0.0098	2	1671793	502	572	873	943	1446	NaN	111	6	1	0	0	106	3	1	246	255	10	6.4074857	0.055790217	-2.8848624	0.055790217	-2.8848624	0.61600541	-0.26495584	0.56204369	-0.27912206
1	2	2	27	0	1	900	2	2.5	2.5	0.0098	1	1674032	502	572	1475	1546	2048	NaN	111	27	1	0	0	107	1	1	219	262	44	14.844086	0.15039966	0.40123822	0.25858775	0.26131558	0.75015253	0.07965325	0.88860716	0.13839312
1	2	2	28	0	3	500	2	2.5	2.5	0.0098	1	1676873	502	572	1074	1145	1647	NaN	272	6	0	0	0	108	1	1	160	198	39	12.056329	0.12698727	1.5196814	0.1899266	1.2496426	0.76823204	-0.19826266	0.77472015	-0.071441241
1	2	2	29	0	3	900	1	2.5	2.5	0.0098	2	1679644	502	572	1476	1546	2048	NaN	111	27	0	0	0	109	1	1	349	361	13	7.2821721	0.077989223	1.5871789	0.077989223	1.5871789	0.82565187	-0.37034401	0.82437427	-0.29236526
1	2	2	30	0	1	700	2	2.5	2.5	0.0098	2	1682485	502	573	1276	1346	1848	NaN	111	6	1	0	0	110	0	0	0	0	0	0	0	0	0	0	0	0	0	0
1	2	2	31	0	3	500	1	2.5	2.5	0.0098	1	1685166	502	572	1074	1145	1647	NaN	111	6	0	0	0	111	1	1	22	54	33	11.574909	0.14109772	-1.1845106	0.18999655	-0.75860827	1.1587255	-0.52684877	1.2118842	-0.65754967
1	2	2	32	0	1	500	1	2.5	2.5	0.0098	1	1687716	502	573	1075	1145	1647	NaN	277	27	1	0	0	112	0	0	0	0	0	0	0	0	0	0	0	0	0	0
1	2	2	33	0	1	100	1	2.5	2.5	0.0098	2	1690317	502	572	672	743	1245	NaN	111	27	0	0	0	113	1	1	386	436	51	35.604153	0.33551019	0.19145155	0.61932559	0.19342612	1.1116414	-0.28691359	1.4410215	-0.22307133
1	2	2	33	0	1	100	1	2.5	2.5	0.0098	2	1690317	502	572	672	743	1245	NaN	111	27	0	0	0	113	2	1	662	684	23	16.071759	0.26768272	2.9834419	0.26768272	2.9834419	1.3621534	-0.25916071	1.0978113	-0.21700275
1	2	2	33	0	1	100	1	2.5	2.5	0.0098	2	1690317	502	572	672	743	1245	NaN	111	27	0	0	0	113	3	1	1138	1155	18	10.558407	0.14429573	2.4868592	0.14429573	2.4868592	0.92547692	-0.32981953	0.81102007	-0.24195095
1	2	2	34	0	3	500	1	2.5	2.5	0.0098	1	1692475	502	573	1075	1145	1647	NaN	111	27	1	0	0	114	1	1	1523	1542	20	11.043101	0.17093174	2.3145991	0.17093174	2.3145991	1.2834117	-0.26140437	1.1676754	-0.13561586
1	2	2	35	0	3	900	1	2.5	2.5	0.0098	2	1694915	502	572	1476	1546	2048	NaN	148	27	0	0	0	115	1	1	149	194	46	24.302004	0.28957214	0.24570037	0.42756944	0.21224498	1.0045757	-0.1967488	1.2854512	-0.12631452
1	2	2	35	0	3	900	1	2.5	2.5	0.0098	2	1694915	502	572	1476	1546	2048	NaN	148	27	0	0	0	115	2	1	281	303	23	19.237161	0.31040394	-3.0788732	0.31040394	-3.0788732	1.1290547	-0.11432421	0.81926108	-0.13377982
1	2	2	36	0	3	300	2	2.5	2.5	0.0098	1	1697867	502	572	873	944	1446	NaN	111	6	0	0	0	116	0	0	0	0	0	0	0	0	0	0	0	0	0	0
1	2	2	37	0	1	900	1	2.5	2.5	0.0098	2	1700146	502	572	1476	1546	2048	NaN	285	27	0	0	0	117	1	1	35	55	21	14.258358	0.22015984	0.049306314	0.22042327	0.069424858	0.59087664	-0.33463007	0.81076892	-0.3237792
1	2	2	38	0	3	300	2	2.5	2.5	0.0098	1	1703158	502	572	874	944	1446	NaN	111	27	1	0	0	118	1	1	231	246	16	4.6846908	0.0653417	-2.4138825	0.0653417	-2.4138825	1.2838955	-0.11870791	1.2351049	-0.1621707
1	2	2	39	0	1	900	2	2.5	2.5	0.0098	2	1705528	502	572	1476	1546	2048	NaN	681	27	0	0	0	119	1	1	900	918	19	10.568728	0.15836388	1.6731912	0.15845778	1.6788051	0.63389883	-0.53102067	0.6177115	-0.37348627
1	2	2	40	0	3	700	1	2.5	2.5	0.0098	2	1708941	502	573	1275	1346	1848	NaN	235	27	0	0	0	120	1	1	29	50	22	16.13333	0.26045521	2.784033	0.26045521	2.784033	1.4586171	-0.26410073	1.2146347	-0.1729442
1	2	2	41	0	1	700	1	2.5	2.5	0.0098	2	1711893	502	572	1275	1345	1847	NaN	202	27	0	0	0	121	1	1	267	281	15	10.262608	0.1239327	0.89676092	0.1239327	0.89676092	0.64160863	-0.4634995	0.71896048	-0.36666972
1	2	2	42	0	1	500	2	2.5	2.5	0.0098	1	1714624	502	572	1074	1145	1647	NaN	111	27	1	0	0	122	0	0	0	0	0	0	0	0	0	0	0	0	0	0
1	2	2	43	0	3	300	2	2.5	2.5	0.0098	2	1717184	502	573	874	944	1446	NaN	212	6	1	0	0	123	1	1	48	69	22	7.6933754	0.14393234	-1.866048	0.14393234	-1.866048	0.94072957	-0.29971844	0.89884804	-0.43742267
1	2	2	43	0	3	300	2	2.5	2.5	0.0098	2	1717184	502	573	874	944	1446	NaN	212	6	1	0	0	123	2	1	110	150	41	14.651931	0.059845487	0.96119817	0.20972644	0.52550847	0.82109248	-0.46124729	0.8553563	-0.41218128
1	2	2	44	0	1	900	2	2.5	2.5	0.0098	2	1719524	502	572	1476	1546	2048	NaN	139	27	0	0	0	124	1	1	232	277	46	22.027853	0.19432912	0.57040705	0.37687074	0.3521596	0.69173888	-0.24138052	0.85530206	-0.13644771
1	2	2	45	0	1	100	2	2.5	2.5	0.0098	1	1722526	502	572	672	743	1245	NaN	111	27	1	0	0	125	1	1	1104	1131	28	21.456852	0.40043636	0.61332548	0.40211363	0.61922671	0.81511779	-0.34251945	1.14257	-0.11203228
1	2	2	46	0	3	900	1	2.5	2.5	0.0098	1	1724554	502	572	1476	1546	2048	NaN	111	27	1	0	0	126	1	1	244	288	45	22.748098	0.26775725	-0.064464564	0.40102851	-0.097630241	1.2433587	-0.5049892	1.5105598	-0.5222381
1	2	2	46	0	3	900	1	2.5	2.5	0.0098	1	1724554	502	572	1476	1546	2048	NaN	111	27	1	0	0	126	2	1	374	413	40	18.274911	0.20467464	2.8612574	0.29475857	2.8709426	1.493625	-0.48209384	1.2969403	-0.4254649
1	2	2	47	0	3	500	2	2.5	2.5	0.0098	2	1727395	502	573	1075	1145	1647	NaN	638	27	0	0	0	127	0	0	0	0	0	0	0	0	0	0	0	0	0	0
1	2	2	48	0	3	700	2	2.5	2.5	0.0098	2	1730518	502	572	1275	1345	1847	NaN	202	27	0	0	0	128	1	1	809	848	40	19.290166	0.16770568	0.51297623	0.30463481	0.5016428	0.6771043	-0.54437867	0.82322421	-0.46207332
1	2	2	49	0	1	500	2	2.5	2.5	0.0098	1	1733480	502	572	1074	1144	1646	NaN	111	27	1	0	0	129	1	1	1	39	39	63.300268	0.91885732	-0.74425859	1.0157901	-0.7113876	-0.60344361	-0.22599465	0.072458974	-0.84845306
1	2	2	49	0	1	500	2	2.5	2.5	0.0098	1	1733480	502	572	1074	1144	1646	NaN	111	27	1	0	0	129	2	1	400	438	39	13.274537	0.1472442	1.0532297	0.21525197	1.1020314	0.017402455	-0.94722779	0.090254025	-0.81926879
1	2	2	50	0	3	500	2	2.5	2.5	0.0098	1	1735939	502	573	1075	1145	1647	NaN	111	27	1	0	0	130	1	1	6	45	40	20.296076	0.34575824	-1.7947367	0.38004283	-2.0506334	0.66950244	-0.18543651	0.59271876	-0.52256116
1	2	2	50	0	3	500	2	2.5	2.5	0.0098	1	1735939	502	573	1075	1145	1647	NaN	111	27	1	0	0	130	2	1	141	159	19	5.411491	0.094665928	-2.6557062	0.094665928	-2.6557062	0.49047239	-0.68361779	0.40676298	-0.72782607
1	2	2	50	0	3	500	2	2.5	2.5	0.0098	1	1735939	502	573	1075	1145	1647	NaN	111	27	1	0	0	130	3	1	234	274	41	17.118688	0.19914075	0.20067164	0.28839158	0.16376552	0.35335953	-0.78921265	0.54850411	-0.74951841
1	2	2	50	0	3	500	2	2.5	2.5	0.0098	1	1735939	502	573	1075	1145	1647	NaN	111	27	1	0	0	130	4	1	1627	1645	19	25.238028	0.28506595	2.9229808	0.28506595	2.9229808	0.55448058	-0.43080584	0.27619936	-0.36898225
1	2	2	51	0	3	300	1	2.5	2.5	0.0098	2	1738379	502	573	874	944	1446	NaN	111	27	0	0	0	131	1	1	1	23	23	12.726182	0.23424279	2.9729749	0.23424279	2.9729749	0.65349495	-0.70029011	0.42257427	-0.66097952
1	2	2	51	0	3	300	1	2.5	2.5	0.0098	2	1738379	502	573	874	944	1446	NaN	111	27	0	0	0	131	2	1	549	564	16	10.106455	0.12848514	1.2079868	0.12848514	1.2079868	0.52188577	-0.86656938	0.56748543	-0.74644818
1	2	2	52	0	1	300	1	2.5	2.5	0.0098	1	1740718	502	573	874	944	1446	NaN	111	27	1	0	0	132	1	1	1	31	31	6.0503614	0.1683015	-2.3418979	0.1683015	-2.3418979	0.57390975	-0.5569774	0.45661612	-0.67767371
1	2	2	52	0	1	300	1	2.5	2.5	0.0098	1	1740718	502	573	874	944	1446	NaN	111	27	1	0	0	132	2	1	182	218	37	13.723038	0.097047234	0.38868844	0.20060309	0.39808	0.16958036	-0.7994414	0.25938854	-0.76266292
1	2	2	53	0	3	100	1	2.5	2.5	0.0098	2	1742978	502	572	672	743	1245	NaN	146	6	1	0	0	133	0	0	0	0	0	0	0	0	0	0	0	0	0	0
1	2	2	54	0	1	300	2	2.5	2.5	0.0098	2	1745106	502	572	874	944	1446	NaN	313	6	1	0	0	134	0	0	0	0	0	0	0	0	0	0	0	0	0	0
1	2	2	55	0	1	100	2	2.5	2.5	0.0098	2	1747546	502	572	673	743	1245	NaN	178	6	1	0	0	135	0	0	0	0	0	0	0	0	0	0	0	0	0	0
1	2	2	56	0	1	700	2	2.5	2.5	0.0098	2	1749705	502	572	1275	1345	1847	NaN	120	27	0	0	0	136	1	1	69	96	28	12.879738	0.25833076	-3.0327366	0.25833076	-3.0327366	1.3517038	-0.19248988	1.0949021	-0.22055524
1	2	2	56	0	1	700	2	2.5	2.5	0.0098	2	1749705	502	572	1275	1345	1847	NaN	120	27	0	0	0	136	2	1	840	879	40	16.540143	0.14202198	0.26126349	0.26305389	0.38213538	0.85095968	-0.32332567	0.98816206	-0.2866412
1	2	2	57	0	3	300	2	2.5	2.5	0.0098	2	1752375	502	572	874	944	1446	NaN	202	6	1	0	0	137	1	1	96	109	14	7.199082	0.087445405	-2.2632855	0.087445405	-2.2632855	1.0982409	-0.37505182	1.0424109	-0.44235498
1	2	2	58	0	3	100	2	2.5	2.5	0.0098	2	1754695	502	572	672	743	1245	NaN	237	6	1	0	0	138	0	0	0	0	0	0	0	0	0	0	0	0	0	0
1	2	2	59	0	3	500	2	2.5	2.5	0.0098	2	1756853	502	572	1074	1145	1647	NaN	131	6	1	0	0	139	1	1	1635	1645	11	7.5944352	0.063938158	1.6928187	0.063938158	1.6928187	0.90064819	-0.3443012	0.89286566	-0.28083846
1	2	2	60	0	1	700	2	2.5	2.5	0.0098	2	1759363	502	572	1275	1346	1848	NaN	111	6	1	0	0	140	1	1	127	153	27	5.4459279	0.13237954	-1.7141635	0.13237954	-1.7141635	0.71153712	-0.54185226	0.69262319	-0.67287365
1	2	2	61	0	1	100	1	2.5	2.5	0.0098	1	1762124	502	572	673	743	1245	NaN	111	6	0	0	0	141	1	1	25	51	27	22.781097	0.42878135	3.0452652	0.42916665	3.0363821	0.85497106	-0.8022343	0.4281775	-0.76099471
1	2	2	61	0	1	100	1	2.5	2.5	0.0098	1	1762124	502	572	673	743	1245	NaN	111	6	0	0	0	141	2	1	68	132	65	51.630176	0.91047274	-0.067675704	1.1404633	-0.068911858	0.44539491	-0.82234453	1.3537835	-0.88391439
1	2	2	61	0	1	100	1	2.5	2.5	0.0098	1	1762124	502	572	673	743	1245	NaN	111	6	0	0	0	141	3	1	189	219	31	50.135651	0.95339668	-3.026516	0.95339668	-3.026516	1.2363413	-0.8920223	0.28925043	-1.001494
1	2	2	62	0	1	300	1	2.5	2.5	0.0098	1	1764323	502	572	874	944	1446	NaN	111	27	1	0	0	142	1	1	1	13	13	29.985928	0.23735812	2.742176	0.23735812	2.742176	1.4227233	-0.53612841	1.2040481	-0.44382434
1	2	2	63	0	3	500	1	2.5	2.5	0.0098	2	1766632	502	573	1075	1145	1647	NaN	111	6	1	0	0	143	1	1	20	41	22	6.1459737	0.12019336	-1.7362126	0.12019336	-1.7362126	1.0073507	-0.245289	0.98755932	-0.36384171
1	2	2	63	0	3	500	1	2.5	2.5	0.0098	2	1766632	502	573	1075	1145	1647	NaN	111	6	1	0	0	143	2	1	244	268	25	21.015277	0.36722224	2.8559289	0.36722224	2.8559289	0.6481878	-0.73555842	0.29584731	-0.63207728
1	2	2	64	0	1	300	1	2.5	2.5	0.0098	2	1769112	502	572	874	944	1446	NaN	111	6	1	0	0	144	1	1	76	102	27	21.457106	0.40582568	3.0647941	0.40612641	3.0557076	0.93619392	-0.84330988	0.53156444	-0.81217369
1	2	2	64	0	1	300	1	2.5	2.5	0.0098	2	1769112	502	572	874	944	1446	NaN	111	6	1	0	0	144	2	1	136	187	52	39.671694	0.53195293	0.015334461	0.75952737	0.02496001	0.52953227	-0.86265717	1.0614227	-0.85450028
1	2	2	64	0	1	300	1	2.5	2.5	0.0098	2	1769112	502	572	874	944	1446	NaN	111	6	1	0	0	144	3	1	247	274	28	35.272737	0.64018557	-3.1147745	0.64042141	-3.1034401	0.85264121	-0.80056511	0.21268585	-0.81773164
1	2	2	65	0	1	300	1	2.5	2.5	0.0098	1	1771341	502	572	874	944	1446	NaN	111	27	1	0	0	145	1	1	45	94	50	24.805183	0.35091334	0.77870734	0.47411385	0.59292676	0.59857069	-0.76940098	0.84835854	-0.52293354
1	2	2	65	0	1	300	1	2.5	2.5	0.0098	1	1771341	502	572	874	944	1446	NaN	111	27	1	0	0	145	2	1	180	202	23	17.512942	0.29532132	-3.0446554	0.29532132	-3.0446554	0.65835833	-0.46732488	0.36442347	-0.4959077
1	2	2	66	0	1	900	2	2.5	2.5	0.0098	2	1773610	502	572	1476	1546	2048	NaN	111	6	1	0	0	146	1	1	334	372	39	21.431686	0.2802581	0.43689525	0.36386563	0.43673461	0.72404085	-0.62560062	0.97797423	-0.50701546
1	2	2	67	0	1	900	1	2.5	2.5	0.0098	2	1776441	503	573	1477	1547	2049	NaN	111	27	0	0	0	147	1	1	198	220	23	16.423916	0.27138925	0.26913371	0.27138925	0.26913371	0.84411331	-0.36735889	1.105733	-0.29519746
1	2	2	67	0	1	900	1	2.5	2.5	0.0098	2	1776441	503	573	1477	1547	2049	NaN	111	27	0	0	0	147	2	1	840	859	20	13.008055	0.19130549	2.7109602	0.19130549	2.7109602	1.1574834	-0.36437414	0.98364371	-0.2845145
1	2	2	68	0	1	500	1	2.5	2.5	0.0098	1	1779413	502	573	1075	1145	1647	NaN	111	27	1	0	0	148	1	1	166	176	11	5.2394953	0.050100114	1.3521004	0.050100114	1.3521004	0.56764789	-0.68962375	0.57851745	-0.64071696
1	2	2	68	0	1	500	1	2.5	2.5	0.0098	1	1779413	502	573	1075	1145	1647	NaN	111	27	1	0	0	148	2	1	234	248	15	9.9353632	0.11878747	-0.3029141	0.11878747	-0.3029141	0.50199258	-0.57365311	0.61537181	-0.60908776
1	2	2	69	0	1	100	2	2.5	2.5	0.0098	2	1781954	502	572	672	743	1245	NaN	111	6	1	0	0	149	1	1	1	11	11	6.4073425	0.060268443	-1.4550231	0.060268443	-1.4550231	0.79836521	-0.34874972	0.80532711	-0.40861471
1	2	2	70	0	1	300	2	2.5	2.5	0.0098	1	1784102	502	572	874	944	1446	NaN	238	6	0	0	0	150	1	1	150	162	13	11.517644	0.12407834	-0.20398498	0.12407834	-0.20398498	0.57310519	-0.64161058	0.69461103	-0.66674554
1	2	2	71	0	1	500	1	2.5	2.5	0.0098	2	1786462	502	572	1074	1144	1646	NaN	111	6	1	0	0	151	0	0	0	0	0	0	0	0	0	0	0	0	0	0
1	2	2	72	0	3	900	2	2.5	2.5	0.0098	2	1788902	502	572	1475	1546	2048	NaN	111	6	1	0	0	152	1	1	37	92	56	44.396285	0.76797594	-3.0481792	0.9065168	-3.0278314	1.2758166	-0.46513709	0.5111889	-0.5367721
1	2	2	72	0	3	900	2	2.5	2.5	0.0098	2	1788902	502	572	1475	1546	2048	NaN	111	6	1	0	0	152	2	1	117	180	64	50.532932	0.67827388	-0.0044086871	0.98656975	0.079862006	0.56867906	-0.56286621	1.2469464	-0.56585649
1	2	2	72	0	3	900	2	2.5	2.5	0.0098	2	1788902	502	572	1475	1546	2048	NaN	111	6	1	0	0	152	3	1	314	339	26	19.587651	0.34570725	-2.8540738	0.34570725	-2.8540738	1.1090962	-0.55765609	0.77758007	-0.6556896
1	2	2	73	0	1	100	2	2.5	2.5	0.0098	1	1791743	502	572	672	743	1245	NaN	111	6	0	0	0	153	1	1	220	239	20	11.890101	0.18758608	3.0461638	0.18758608	3.0461638	0.69705469	-0.8731765	0.51032211	-0.85530253
1	2	2	73	0	1	100	2	2.5	2.5	0.0098	1	1791743	502	572	672	743	1245	NaN	111	6	0	0	0	153	2	1	791	833	43	26.786337	0.36245522	0.16767308	0.47419984	0.23424634	0.38858315	-0.69102264	0.74595522	-0.63053302
1	2	2	73	0	1	100	2	2.5	2.5	0.0098	1	1791743	502	572	672	743	1245	NaN	111	6	0	0	0	153	3	1	1232	1243	12	11.640631	0.10268915	-0.13919469	0.10268915	-0.13919469	0.96096538	-0.62764136	1.0626613	-0.64188904
1	2	2	74	0	3	300	1	2.5	2.5	0.0098	1	1793781	502	572	874	944	1446	NaN	111	27	1	0	0	154	1	1	1361	1385	25	20.336098	0.34954763	1.5321548	0.34956384	1.5309737	0.87434201	-0.66034605	0.8878457	-0.31105935
1	2	2	75	0	1	100	2	2.5	2.5	0.0098	2	1796040	502	572	673	743	1245	NaN	111	6	1	0	0	155	1	1	74	94	21	12.997669	0.22115678	3.0397806	0.22119383	3.0381541	0.69889335	-0.79024895	0.4788818	-0.76777141
1	2	2	75	0	1	100	2	2.5	2.5	0.0098	2	1796040	502	572	673	743	1245	NaN	111	6	1	0	0	155	2	1	288	307	20	14.850922	0.22831541	0.40144884	0.22831541	0.40144884	0.35665194	-0.85193531	0.56681532	-0.76272051
1	2	2	76	0	3	900	2	2.5	2.5	0.0098	1	1798179	502	572	1476	1546	2048	NaN	111	27	1	0	0	156	0	0	0	0	0	0	0	0	0	0	0	0	0	0
1	2	2	77	0	1	500	1	2.5	2.5	0.0098	1	1801150	502	573	1075	1145	1647	NaN	188	27	1	0	0	157	1	1	1	16	16	18.55248	0.197367	-2.9774381	0.197367	-2.9774381	1.2944271	-0.58664928	1.0997133	-0.61890266
1	2	2	77	0	1	500	1	2.5	2.5	0.0098	1	1801150	502	573	1075	1145	1647	NaN	188	27	1	0	0	157	2	1	137	158	22	13.656388	0.22313067	3.0117655	0.22353442	2.9985952	0.96701392	-0.80601305	0.74576105	-0.77712595
1	2	2	78	0	1	900	2	2.5	2.5	0.0098	2	1803660	503	573	1476	1547	2049	NaN	251	6	1	0	0	158	0	0	0	0	0	0	0	0	0	0	0	0	0	0
1	2	2	79	0	3	100	2	2.5	2.5	0.0098	1	1806823	502	572	673	743	1245	NaN	111	27	1	0	0	159	1	1	1	19	19	12.338255	0.18858957	-2.5529889	0.18858957	-2.5529889	1.1142425	-0.45926906	0.95738936	-0.56397404
1	2	2	79	0	3	100	2	2.5	2.5	0.0098	1	1806823	502	572	673	743	1245	NaN	111	27	1	0	0	159	2	1	1193	1209	17	14.461134	0.19314904	2.6728738	0.19314904	2.6728738	1.5953694	-0.25657814	1.4230519	-0.16932428
1	2	2	80	0	1	700	2	2.5	2.5	0.0098	1	1808851	502	573	1275	1346	1848	NaN	662	27	1	0	0	160	1	1	11	32	22	9.9995769	0.16289198	3.098689	0.16366063	3.035595	1.6356566	-0.32216111	1.4729145	-0.31517459
