1	1	0	3	300	2	8	2115615	553	914	1014	1516	2359	926291283	0	7.850000e-02	1	8	52
1	2	0	3	300	1	8	2118456	593	1085	1185	1687	2109	926294295	0	7.850000e-02	1	8	22
1	3	0	1	300	1	8	2121057	522	904	1004	1506	1877	926296715	0	7.850000e-02	2	8	27
1	4	0	1	600	1	8	2123416	733	1366	1466	1968	2290	926299536	0	7.850000e-02	2	8	27
1	5	0	3	600	2	8	2126318	853	1606	1707	2209	2530	926302678	0	7.850000e-02	2	8	52
1	6	0	3	300	1	8	2129470	844	1185	1286	1788	2290	926305409	0	7.850000e-02	1	8	22
1	7	0	3	900	1	8	2132232	883	1797	1897	2399	3052	926308783	0	7.850000e-02	2	8	27
1	8	0	3	600	2	8	2135756	833	1596	1697	2199	2530	926312106	0	7.850000e-02	2	8	52
1	9	0	1	600	1	8	2138868	562	1275	1376	1878	2320	926314897	0	7.850000e-02	1	8	22
1	10	0	1	300	2	8	2141659	673	1145	1245	1747	2179	926317558	0	7.850000e-02	2	8	56
1	11	0	1	900	1	8	2144310	602	1526	1627	2129	2520	926320590	0	7.850000e-02	2	8	27
1	12	0	3	600	1	8	2147292	904	1627	1727	2229	2550	926323672	0	7.850000e-02	2	8	27
1	13	0	1	600	1	8	2150314	582	1295	1396	1898	2219	926326363	0	7.850000e-02	1	8	22
1	14	0	1	600	1	8	2153005	753	1506	1606	2108	2430	926329264	0	7.850000e-02	1	8	22
1	15	0	3	300	1	8	2156067	733	1044	1145	1647	2089	926331865	0	7.850000e-02	2	8	27
1	16	0	3	900	1	8	2158628	592	1505	1606	2108	2459	926334887	0	7.850000e-02	2	8	27
1	17	0	3	900	1	8	2161549	853	1777	1878	2380	2852	926338079	0	7.850000e-02	1	8	27
1	18	0	3	300	2	8	2164873	682	1104	1204	1706	2028	926340730	0	7.850000e-02	1	8	52
1	19	0	1	300	2	8	2167372	583	1055	1155	1657	2059	926343180	0	7.850000e-02	1	8	56
1	20	0	3	300	1	8	2169903	733	1194	1295	1797	2239	926345850	0	7.850000e-02	2	8	27
1	21	0	1	900	1	8	2172613	854	1818	1918	2420	2852	926349184	0	7.850000e-02	2	8	27
1	22	0	1	600	1	8	2175937	592	1315	1415	1917	2349	926352005	0	7.850000e-02	2	8	27
1	23	0	3	300	2	8	2178758	823	1155	1255	1757	2149	926354666	0	7.850000e-02	1	8	52
1	24	0	3	900	1	8	2181539	673	1617	1717	2219	2540	926357908	0	7.850000e-02	2	8	27
1	25	0	1	300	1	8	2184551	834	1155	1255	1757	2480	926360459	0	7.850000e-02	2	8	27
1	26	0	3	900	1	8	2187503	512	1607	1707	2209	2661	926363862	0	7.850000e-02	2	8	27
1	27	0	1	900	1	8	2190636	682	1787	1887	2389	2901	926367175	0	7.850000e-02	1	8	27
1	28	0	3	600	2	8	2194260	703	1436	1536	2038	2500	926370448	0	7.850000e-02	1	8	52
1	30	0	3	900	2	8	2198387	863	1877	1978	2480	2911	926375017	0	7.850000e-02	2	8	52
1	31	0	3	900	1	8	2201770	844	1807	1908	2410	2862	926378330	0	7.850000e-02	1	8	22
1	32	0	1	600	1	8	2205104	652	1325	1425	1927	2419	926381181	0	7.850000e-02	2	8	27
1	33	0	3	900	1	8	2208056	662	1646	1746	2248	2640	926384454	0	7.850000e-02	1	8	22
1	34	0	3	900	1	8	2211158	803	1727	1827	2329	2661	926387637	0	7.850000e-02	1	8	22
1	35	0	1	900	2	8	2214391	713	1626	1727	2229	2671	926390769	0	7.850000e-02	2	8	52
1	36	0	3	600	1	8	2217533	643	1426	1527	2029	2350	926393711	0	7.850000e-02	2	8	22
1	37	0	3	300	2	8	2220515	743	1215	1316	1818	2159	926396482	0	7.850000e-02	1	8	52
1	38	0	1	900	2	8	2223136	803	1837	1938	2440	2791	926399725	0	7.850000e-02	1	8	52
1	39	0	1	600	2	8	2226459	763	1486	1587	2089	2520	926402697	0	7.850000e-02	1	8	56
1	40	0	1	900	1	8	2229682	613	1606	1707	2209	2570	926406040	0	7.850000e-02	2	8	27
1	41	0	1	600	2	8	2232855	813	1566	1667	2169	2510	926409173	0	7.850000e-02	1	8	52
1	42	0	1	900	1	8	2235967	894	1828	1928	2430	2751	926412546	0	7.850000e-02	1	8	22
1	43	0	1	600	2	8	2239241	622	1385	1485	1987	2560	926415378	0	7.850000e-02	2	8	56
1	44	0	3	600	2	8	2242272	834	1507	1607	2109	2561	926418530	0	7.850000e-02	2	8	52
1	45	0	1	600	1	8	2245305	883	1526	1626	2128	2449	926421582	0	7.850000e-02	2	8	27
1	46	0	3	300	1	8	2248397	623	924	1024	1526	2018	926424072	0	7.850000e-02	2	8	27
1	48	0	3	600	1	8	2252423	542	1315	1416	1918	2370	926428490	0	7.850000e-02	1	8	22
1	49	0	1	600	2	8	2255265	813	1526	1626	2128	2540	926431542	0	7.850000e-02	1	8	52
1	51	0	3	900	1	8	2261269	763	1666	1767	2269	2771	926437686	0	7.850000e-02	2	8	27
1	52	0	3	300	2	8	2264672	884	1255	1356	1858	2239	926440678	0	7.850000e-02	1	8	52
1	53	0	1	900	2	8	2267413	542	1607	1707	2209	2661	926443771	0	7.850000e-02	1	8	52
1	54	0	3	900	1	8	2270656	874	1798	1898	2400	2771	926447204	0	7.850000e-02	1	8	22
1	55	0	3	600	1	8	2274020	502	1245	1345	1847	2249	926450016	0	7.850000e-02	1	8	22
1	56	0	1	300	1	8	2276731	903	1245	1345	1847	2239	926452726	0	7.850000e-02	2	8	27
1	57	0	1	900	1	8	2279431	713	1798	1898	2400	2721	926455979	0	7.850000e-02	1	8	22
1	58	0	1	600	2	8	2282725	753	1475	1576	2078	2399	926458951	0	7.850000e-02	1	8	52
1	59	0	3	900	2	8	2285596	793	1848	1948	2450	2912	926462194	0	7.850000e-02	1	8	52
1	60	0	1	900	2	8	2289150	573	1617	1717	2219	2611	926465517	0	7.850000e-02	2	8	52
1	61	0	3	900	2	8	2292474	612	1586	1687	2188	2620	926468810	0	7.850000e-02	1	8	52
1	62	0	1	600	1	8	2295566	833	1466	1566	2068	2601	926471782	0	7.850000e-02	1	8	27
1	63	0	1	900	1	8	2298849	824	1908	2008	2510	2842	926475507	0	7.850000e-02	2	8	22
1	64	0	1	900	2	8	2302413	703	1748	1848	2350	2782	926478911	0	7.850000e-02	1	8	56
1	65	0	1	900	2	8	2305666	593	1587	1687	2189	2671	926482003	0	7.850000e-02	1	8	52
1	66	0	1	300	2	8	2308970	512	914	1014	1516	1938	926484634	0	7.850000e-02	1	8	52
1	67	0	1	900	1	8	2311530	743	1817	1918	2420	2751	926488097	0	7.850000e-02	1	8	22
1	68	0	1	900	2	8	2314743	853	1877	1978	2480	2922	926491370	0	7.850000e-02	1	8	52
1	69	0	3	900	2	8	2318187	552	1626	1727	2229	2911	926494563	0	7.850000e-02	2	8	52
1	70	0	3	600	2	8	2321570	713	1466	1566	2069	2500	926497786	0	7.850000e-02	2	8	56
1	71	0	3	600	1	8	2324542	763	1496	1597	2099	2560	926500788	0	7.850000e-02	1	8	27
1	72	0	1	600	1	8	2327885	573	1306	1406	1908	2390	926503940	0	7.850000e-02	1	8	22
1	74	0	3	300	2	8	2331932	713	1195	1295	1797	2159	926507876	0	7.850000e-02	2	8	56
1	75	0	3	300	1	8	2334763	824	1255	1356	1858	2209	926510768	0	7.850000e-02	2	8	27
1	76	0	3	900	2	8	2337434	723	1777	1877	2379	2701	926513960	0	7.850000e-02	1	8	52
1	77	0	3	300	2	8	2340717	693	1185	1285	1787	2289	926516651	0	7.850000e-02	2	8	56
1	78	0	3	600	2	8	2343558	522	1125	1225	1727	2189	926519432	0	7.850000e-02	2	8	56
1	79	0	3	300	2	8	2346219	884	1295	1396	1898	2259	926522263	0	7.850000e-02	2	8	56
1	80	0	1	600	1	8	2348950	653	1456	1556	2058	2380	926525155	0	7.850000e-02	1	8	22
1	81	0	1	300	1	8	2351922	713	1104	1205	1707	2098	926527775	0	7.850000e-02	1	8	22
1	82	0	3	300	1	8	2354492	793	1195	1295	1797	2159	926530436	0	7.850000e-02	2	8	27
1	83	0	3	600	2	8	2357444	844	1617	1717	2219	2701	926533810	0	7.850000e-02	1	8	56
1	84	0	3	900	1	8	2360617	883	1978	2078	2580	3032	926537344	0	7.850000e-02	1	8	22
1	85	0	1	900	1	8	2364121	532	1626	1727	2229	2550	926540496	0	7.850000e-02	1	8	22
1	86	0	1	300	1	8	2367143	763	1114	1215	1717	2179	926543006	0	7.850000e-02	2	8	27
1	87	0	1	600	2	8	2369944	532	1315	1416	1918	2239	926546008	0	7.850000e-02	2	8	52
1	88	0	3	300	1	8	2372715	673	994	1095	1597	2048	926548458	0	7.850000e-02	2	8	27
1	90	0	3	600	1	8	2376902	582	1295	1396	1898	2380	926552946	0	7.850000e-02	2	8	27
1	91	0	3	900	1	8	2379894	783	1747	1847	2349	2671	926556389	0	7.850000e-02	2	8	27
1	92	0	1	600	1	8	2383037	692	1295	1395	1897	2309	926559080	0	7.850000e-02	2	8	27
1	93	0	1	300	2	8	2385818	883	1375	1476	1978	2339	926561942	0	7.850000e-02	2	8	56
1	94	0	3	900	2	8	2388619	552	1456	1556	2058	2520	926564823	0	7.850000e-02	1	8	52
1	96	0	1	600	1	8	2392836	602	1335	1436	1938	2369	926568919	0	7.850000e-02	2	8	27
2	1	0	3	900	2	8	2475206	713	1636	1737	2239	2731	926651589	0	7.850000e-02	2	8	56
2	2	0	1	300	2	8	2478399	793	1245	1345	1847	2168	926654390	0	7.850000e-02	1	8	52
2	4	0	3	900	2	8	2482445	642	1666	1767	2269	2721	926658858	0	7.850000e-02	2	8	56
2	5	0	1	300	2	8	2485778	542	844	944	1446	1898	926661368	0	7.850000e-02	1	8	52
2	6	0	3	600	2	8	2488138	512	1255	1355	1857	2178	926664139	0	7.850000e-02	2	8	52
2	7	0	3	600	1	8	2490919	753	1526	1626	2128	2550	926667191	0	7.850000e-02	1	8	22
2	8	0	3	600	2	8	2493941	652	1416	1516	2018	2400	926670103	0	7.850000e-02	2	8	52
2	9	0	1	900	2	8	2496993	713	1767	1868	2370	2771	926673506	0	7.850000e-02	2	8	56
2	10	0	1	300	1	8	2500236	673	1085	1185	1687	2008	926676066	0	7.850000e-02	1	8	22
2	11	0	1	300	2	8	2502706	773	1115	1215	1717	2108	926678566	0	7.850000e-02	2	8	52
2	12	0	1	300	1	8	2505497	824	1125	1225	1727	2169	926681368	0	7.850000e-02	1	8	22
2	14	0	3	600	1	8	2511311	542	1335	1435	1937	2309	926687392	0	7.850000e-02	2	8	27
2	15	0	1	600	2	8	2514082	873	1556	1656	2158	2480	926690383	0	7.850000e-02	2	8	52
2	16	0	1	300	1	8	2517054	672	1124	1225	1727	2229	926692924	0	7.850000e-02	2	8	27
2	17	0	3	600	2	8	2519754	703	1366	1466	1968	2400	926695865	0	7.850000e-02	2	8	52
2	18	0	3	600	1	8	2522927	593	1305	1406	1908	2289	926698978	0	7.850000e-02	1	8	27
2	20	0	1	600	1	8	2526853	522	1295	1395	1898	2530	926702893	0	7.850000e-02	2	8	27
2	21	0	3	300	1	8	2529855	592	1064	1165	1666	2148	926705664	0	7.850000e-02	2	8	27
2	22	0	3	300	1	8	2532475	874	1306	1406	1908	2229	926708526	0	7.850000e-02	1	8	22
2	23	0	1	300	1	8	2535247	582	1054	1154	1656	2007	926711046	0	7.850000e-02	2	8	27
2	24	0	3	900	2	8	2537716	553	1496	1597	2099	2420	926713957	0	7.850000e-02	2	8	52
2	25	0	3	300	1	8	2540749	692	1074	1174	1676	1997	926716568	0	7.850000e-02	1	8	22
2	26	0	1	300	1	8	2543208	713	1075	1175	1677	1998	926719028	0	7.850000e-02	1	8	27
2	27	0	1	300	1	8	2545678	523	904	1004	1506	1828	926721327	0	7.850000e-02	2	8	27
2	28	0	3	300	1	8	2548038	592	943	1044	1546	1907	926723726	0	7.850000e-02	1	8	27
2	29	0	1	900	2	8	2550588	592	1566	1667	2169	2490	926726899	0	7.850000e-02	2	8	52
2	30	0	3	300	2	8	2553680	703	1165	1265	1767	2260	926729590	0	7.850000e-02	1	8	56
2	32	0	3	300	2	8	2557435	553	884	984	1486	1988	926733064	0	7.850000e-02	2	8	56
2	33	0	3	600	2	8	2559895	512	1145	1245	1747	2129	926735784	0	7.850000e-02	1	8	52
2	34	0	3	900	2	8	2562616	843	1827	1928	2430	2761	926739188	0	7.850000e-02	2	8	56
2	35	0	1	600	2	8	2566160	673	1446	1547	2049	2490	926742351	0	7.850000e-02	2	8	56
2	36	0	3	900	2	8	2569122	773	1817	1918	2420	2741	926745684	0	7.850000e-02	2	8	52
2	37	0	3	900	1	8	2572486	562	1496	1596	2098	2490	926748726	0	7.850000e-02	2	8	27
2	38	0	1	900	1	8	2575448	572	1506	1606	2108	2580	926751698	0	7.850000e-02	2	8	27
2	39	0	1	600	2	8	2578701	572	1224	1325	1827	2178	926754670	0	7.850000e-02	1	8	56
2	40	0	1	300	2	8	2581542	512	863	964	1466	1827	926757150	0	7.850000e-02	2	8	52
2	41	0	3	600	1	8	2583841	874	1486	1586	2088	2410	926760071	0	7.850000e-02	1	8	22
2	42	0	3	600	2	8	2586893	553	1296	1396	1898	2230	926762933	0	7.850000e-02	1	8	56
2	43	0	1	900	2	8	2589695	652	1676	1777	2279	2620	926766115	0	7.850000e-02	2	8	52
2	44	0	3	900	2	8	2592958	783	1787	1887	2389	2711	926769489	0	7.850000e-02	2	8	56
2	45	0	1	900	1	8	2596130	773	1778	1878	2380	2812	926772651	0	7.850000e-02	2	8	27
2	46	0	1	900	1	8	2599614	774	1858	1958	2460	2852	926776216	0	7.850000e-02	1	8	27
2	47	0	3	600	1	8	2603118	613	1286	1386	1888	2209	926779147	0	7.850000e-02	2	8	27
2	48	0	1	600	2	8	2605789	763	1396	1496	1998	2420	926781928	0	7.850000e-02	2	8	56
2	49	0	1	900	2	8	2608851	593	1637	1737	2239	2561	926785231	0	7.850000e-02	2	8	52
2	50	0	3	900	2	8	2612305	783	1707	1807	2310	2711	926788756	0	7.850000e-02	2	8	56
2	51	0	3	600	2	8	2615488	653	1265	1366	1867	2319	926791496	0	7.850000e-02	2	8	52
2	52	0	1	300	1	8	2618671	713	1114	1215	1717	2128	926794529	0	7.850000e-02	1	8	27
2	53	0	3	600	2	8	2621452	743	1405	1506	2008	2329	926797601	0	7.850000e-02	2	8	52
2	54	0	3	300	2	8	2625107	893	1285	1385	1887	2449	926801135	0	7.850000e-02	2	8	56
2	55	0	1	900	2	8	2628159	803	1727	1827	2329	2671	926804629	0	7.850000e-02	2	8	56
2	56	0	1	900	2	8	2631291	804	1908	2008	2510	2982	926807942	0	7.850000e-02	1	8	52
2	58	0	3	600	1	8	2638370	783	1485	1586	2088	2409	926814598	0	7.850000e-02	1	8	22
2	59	0	3	300	1	8	2641382	542	974	1074	1576	1988	926817098	0	7.850000e-02	1	8	22
2	60	0	3	300	2	8	2643842	883	1315	1415	1917	2269	926819900	0	7.850000e-02	1	8	52
2	62	0	3	300	1	8	2649153	803	1205	1305	1807	2168	926825100	0	7.850000e-02	2	8	27
2	63	0	3	900	2	8	2651783	874	1798	1898	2400	2721	926828323	0	7.850000e-02	2	8	52
2	64	0	1	600	1	8	2655157	642	1285	1385	1887	2209	926831185	0	7.850000e-02	2	8	22
2	65	0	3	900	1	8	2657838	773	1867	1968	2470	2791	926834448	0	7.850000e-02	2	8	27
2	66	0	1	900	2	8	2661342	552	1576	1676	2178	2610	926837660	0	7.850000e-02	2	8	56
2	67	0	3	300	2	8	2664424	532	974	1074	1576	1988	926840140	0	7.850000e-02	1	8	52
2	68	0	1	600	2	8	2667055	682	1305	1405	1907	2259	926843102	0	7.850000e-02	1	8	56
2	69	0	3	900	1	8	2669786	833	1907	2007	2510	2831	926846435	0	7.850000e-02	1	8	22
2	70	0	1	300	2	8	2673079	793	1154	1255	1757	2078	926848975	0	7.850000e-02	2	8	52
2	71	0	3	300	2	8	2675870	853	1205	1305	1807	2138	926851817	0	7.850000e-02	1	8	52
2	72	0	3	900	2	8	2678480	673	1768	1868	2370	2691	926854989	0	7.850000e-02	1	8	52
2	73	0	1	600	1	8	2682155	522	1145	1245	1747	2149	926858042	0	7.850000e-02	1	8	22
2	74	0	3	600	2	8	2684896	542	1185	1285	1787	2249	926860823	0	7.850000e-02	1	8	56
2	75	0	1	300	2	8	2687617	582	1064	1165	1667	2048	926863423	0	7.850000e-02	1	8	52
2	76	0	1	900	1	8	2690228	532	1486	1586	2088	2409	926866455	0	7.850000e-02	1	8	22
2	77	0	3	600	1	8	2693119	773	1566	1667	2169	2510	926869427	0	7.850000e-02	1	8	22
2	78	0	1	600	2	8	2696091	522	1165	1265	1767	2108	926871997	0	7.850000e-02	1	8	52
2	79	0	3	600	1	8	2698661	582	1285	1386	1888	2209	926874688	0	7.850000e-02	1	8	22
2	80	0	1	900	1	8	2701342	884	1847	1948	2450	2862	926877931	0	7.850000e-02	1	8	22
2	81	0	1	300	2	8	2704956	814	1205	1306	1808	2270	926880903	0	7.850000e-02	2	8	52
2	82	0	1	300	1	8	2707989	522	984	1084	1586	1907	926883714	0	7.850000e-02	1	8	22
2	83	0	1	300	2	8	2710368	733	1185	1285	1787	2109	926886294	0	7.850000e-02	1	8	52
2	84	0	1	900	1	8	2713039	612	1536	1636	2138	2891	926889316	0	7.850000e-02	1	8	22
2	85	0	3	300	1	8	2716402	523	944	1045	1547	1978	926892087	0	7.850000e-02	2	8	22
2	86	0	1	300	2	8	2719093	733	1185	1285	1787	2109	926895019	0	7.850000e-02	1	8	52
2	87	0	3	300	2	8	2721774	642	1124	1225	1727	2159	926897639	0	7.850000e-02	2	8	56
2	88	0	1	600	2	8	2724404	783	1577	1677	2179	2531	926900722	0	7.850000e-02	2	8	56
2	89	0	1	300	1	8	2727406	723	1155	1256	1758	2300	926903302	0	7.850000e-02	1	8	22
2	90	0	1	900	2	8	2730248	662	1687	1787	2289	2731	926906675	0	7.850000e-02	1	8	52
2	91	0	1	300	1	8	2733451	823	1255	1355	1857	2359	926909446	0	7.850000e-02	2	8	27
2	92	0	1	600	2	8	2736312	612	1255	1356	1857	2249	926912308	0	7.850000e-02	2	8	52
2	93	0	1	300	2	8	2739033	864	1205	1305	1807	2269	926914979	0	7.850000e-02	2	8	56
2	94	0	3	600	1	8	2741965	753	1526	1626	2128	2580	926918231	0	7.850000e-02	1	8	22
2	95	0	1	600	2	8	2745017	723	1375	1476	1978	4026	926921133	0	7.850000e-02	1	8	52
2	96	0	1	300	2	8	2749515	874	1235	1335	1837	2269	926925490	0	7.850000e-02	1	8	52
