1	1	0	1	600	2	4	3593030	682	1345	1446	1948	3243	1190629097	0	4.710000e-02	1	4	52
1	2	0	3	300	2	4	3596754	703	1195	1296	1798	2249	1190632671	0	4.710000e-02	1	4	52
1	3	0	1	600	1	4	3599495	512	1306	1406	1908	2259	1190635522	0	4.710000e-02	2	4	27
1	4	0	3	900	1	4	3602357	713	1667	1767	2269	2680	1190638745	0	4.710000e-02	2	4	27
1	5	0	1	900	1	4	3605509	733	1667	1768	2270	2591	1190641898	0	4.710000e-02	1	4	22
1	6	0	3	600	2	4	3608803	903	1636	1737	2239	2630	1190645161	0	4.710000e-02	1	4	52
1	7	0	3	900	2	4	3611895	502	1436	1536	2038	2460	1190648052	0	4.710000e-02	1	4	52
1	8	0	3	600	2	4	3615038	843	1596	1696	2199	2530	1190651355	0	4.710000e-02	1	4	56
1	9	0	3	300	2	4	3618030	542	863	964	1466	1787	1190653614	0	4.710000e-02	2	4	52
1	10	0	3	900	1	4	3620630	622	1697	1797	2299	2701	1190657048	0	4.710000e-02	2	4	22
1	11	0	1	900	2	4	3624154	904	1978	2078	2581	2942	1190660853	0	4.710000e-02	2	4	56
1	12	0	1	900	1	4	3627558	773	1717	1817	2319	2701	1190663996	0	4.710000e-02	2	4	27
1	13	0	1	600	1	4	3630731	652	1285	1385	1887	2319	1190666737	0	4.710000e-02	2	4	27
1	14	0	3	300	2	4	3633693	521	883	984	1485	1807	1190669297	0	4.710000e-02	1	4	52
1	15	0	1	900	2	4	3635992	793	1696	1797	2299	2831	1190672409	0	4.710000e-02	2	4	52
1	16	0	1	600	2	4	3639295	783	1556	1657	2159	2480	1190675572	0	4.710000e-02	1	4	52
1	17	0	1	900	1	4	3642377	723	1707	1808	2310	2631	1190678805	0	4.710000e-02	1	4	22
1	18	0	3	300	2	4	3645470	753	1204	1305	1807	2148	1190681395	0	4.710000e-02	2	4	56
1	19	0	3	900	1	4	3648090	603	1607	1707	2209	2621	1190684417	0	4.710000e-02	2	4	27
1	20	0	3	900	2	4	3651173	853	1877	1977	2479	2801	1190687771	0	4.710000e-02	2	4	52
1	21	0	1	300	2	4	3654667	883	1315	1415	1917	2269	1190690702	0	4.710000e-02	2	4	56
1	22	0	3	300	2	4	3657407	563	1055	1155	1657	2049	1190693182	0	4.710000e-02	2	4	56
1	23	0	3	600	1	4	3659928	753	1455	1556	2058	2510	1190696104	0	4.710000e-02	2	4	27
1	24	0	3	300	1	4	3663120	693	1155	1255	1757	2079	1190698995	0	4.710000e-02	1	4	22
1	25	0	3	300	2	4	3665661	702	1195	1295	1797	2118	1190701576	0	4.710000e-02	1	4	52
1	26	0	3	900	2	4	3668442	612	1606	1707	2209	2560	1190704768	0	4.710000e-02	2	4	56
1	27	0	1	900	1	4	3671474	663	1576	1677	2178	2520	1190707770	0	4.710000e-02	1	4	22
1	28	0	3	900	1	4	3674717	883	1887	1988	2490	2992	1190711324	0	4.710000e-02	2	4	27
1	29	0	3	600	2	4	3678181	652	1275	1375	1877	2209	1190714176	0	4.710000e-02	1	4	52
1	30	0	1	300	2	4	3681042	603	1075	1175	1677	2049	1190716836	0	4.710000e-02	2	4	56
1	31	0	1	300	1	4	3683562	874	1315	1416	1918	2279	1190719597	0	4.710000e-02	2	4	27
1	32	0	3	600	2	4	3686705	542	1185	1285	1787	2118	1190722609	0	4.710000e-02	1	4	52
1	33	0	3	300	2	4	3689295	874	1265	1366	1868	2209	1190725280	0	4.710000e-02	1	4	52
1	34	0	1	600	1	4	3692107	833	1445	1546	2048	2369	1190728272	0	4.710000e-02	1	4	22
1	35	0	3	600	2	4	3694948	863	1476	1576	2078	2490	1190731143	0	4.710000e-02	1	4	52
1	36	0	1	300	1	4	3697900	662	1144	1245	1747	2068	1190733764	0	4.710000e-02	1	4	22
1	37	0	1	600	2	4	3700440	853	1456	1556	2058	2500	1190736615	0	4.710000e-02	2	4	52
1	38	0	3	600	1	4	3703472	693	1456	1556	2058	2390	1190739647	0	4.710000e-02	2	4	27
1	39	0	3	600	2	4	3706434	612	1245	1345	1847	2189	1190742398	0	4.710000e-02	1	4	52
1	40	0	3	600	1	4	3709085	522	1245	1345	1847	2168	1190745049	0	4.710000e-02	2	4	27
1	41	0	3	300	1	4	3711735	723	1115	1215	1717	2059	1190747569	0	4.710000e-02	2	4	22
1	42	0	1	900	1	4	3714577	552	1576	1676	2178	2500	1190750872	0	4.710000e-02	1	4	22
1	43	0	1	300	2	4	3717548	543	924	1025	1527	1948	1190753191	0	4.710000e-02	2	4	56
1	44	0	1	600	2	4	3720079	883	1596	1696	2198	2520	1190756394	0	4.710000e-02	2	4	56
1	45	0	3	300	1	4	3723071	672	1114	1215	1717	2148	1190758904	0	4.710000e-02	2	4	27
1	46	0	1	600	2	4	3725691	693	1345	1446	1948	2269	1190761755	0	4.710000e-02	2	4	56
1	47	0	3	900	2	4	3728532	864	1858	1958	2460	2782	1190765109	0	4.710000e-02	1	4	52
1	48	0	1	600	1	4	3731966	613	1285	1386	1888	2239	1190767970	0	4.710000e-02	1	4	22
1	49	0	3	300	1	4	3734677	763	1225	1326	1827	2289	1190770621	0	4.710000e-02	2	4	22
1	50	0	1	900	2	4	3737669	552	1627	1727	2229	2550	1190774014	0	4.710000e-02	2	4	56
1	51	0	1	900	2	4	3740691	763	1717	1817	2319	2641	1190777127	0	4.710000e-02	1	4	52
1	52	0	3	300	2	4	3743804	632	964	1064	1566	1907	1190779486	0	4.710000e-02	1	4	52
1	53	0	1	900	2	4	3746404	623	1657	1757	2259	2580	1190782779	0	4.710000e-02	2	4	56
1	54	0	3	900	2	4	3749456	583	1577	1677	2179	2500	1190785751	0	4.710000e-02	1	4	52
1	55	0	3	300	2	4	3752609	663	1014	1114	1616	1938	1190788341	0	4.710000e-02	1	4	52
1	56	0	3	900	2	4	3755019	552	1546	1646	2148	2470	1190791283	0	4.710000e-02	2	4	56
1	57	0	1	600	1	4	3758121	863	1647	1747	2249	2570	1190794486	0	4.710000e-02	1	4	22
1	58	0	3	600	1	4	3761324	643	1386	1486	1988	2309	1190797428	0	4.710000e-02	2	4	27
1	59	0	1	900	2	4	3764276	652	1596	1697	2199	2520	1190800590	0	4.710000e-02	2	4	56
1	60	0	1	300	1	4	3767268	813	1134	1235	1737	2088	1190803120	0	4.710000e-02	2	4	27
1	61	0	3	300	2	4	3770079	863	1305	1406	1908	2249	1190806102	0	4.710000e-02	1	4	52
1	62	0	3	300	1	4	3772790	843	1325	1425	1927	2279	1190808833	0	4.710000e-02	2	4	27
1	63	0	1	300	2	4	3775722	512	953	1054	1556	1887	1190811393	0	4.710000e-02	2	4	56
1	64	0	3	900	1	4	3778262	572	1476	1576	2078	2399	1190814455	0	4.710000e-02	2	4	27
1	65	0	1	600	2	4	3781284	622	1315	1416	1918	2269	1190817317	0	4.710000e-02	1	4	52
1	66	0	1	300	2	4	3784015	803	1134	1235	1737	2058	1190819867	0	4.710000e-02	2	4	56
1	67	0	1	600	1	4	3786545	863	1617	1717	2219	2540	1190822879	0	4.710000e-02	2	4	27
1	68	0	1	300	1	4	3789738	522	853	953	1456	1787	1190825309	0	4.710000e-02	2	4	27
1	69	0	1	600	1	4	3791987	713	1425	1526	2028	2359	1190828130	0	4.710000e-02	2	4	27
1	70	0	1	600	2	4	3795039	602	1215	1315	1817	2149	1190830971	0	4.710000e-02	2	4	56
1	71	0	3	300	1	4	3797830	713	1175	1275	1777	2099	1190833722	0	4.710000e-02	1	4	22
1	72	0	3	600	2	4	3800531	843	1466	1566	2068	2390	1190836714	0	4.710000e-02	1	4	52
1	73	0	3	600	2	4	3803393	843	1636	1736	2238	2580	1190839746	0	4.710000e-02	2	4	56
1	74	0	3	900	1	4	3806435	873	1787	1887	2389	2821	1190842939	0	4.710000e-02	1	4	22
1	75	0	3	900	2	4	3809869	692	1796	1897	2399	2740	1190846383	0	4.710000e-02	2	4	56
1	76	0	3	600	1	4	3813081	733	1396	1496	1998	2320	1190849194	0	4.710000e-02	1	4	22
1	77	0	1	600	1	4	3815862	723	1376	1476	1978	2300	1190851955	0	4.710000e-02	1	4	22
1	78	0	1	600	2	4	3818754	884	1677	1777	2279	2711	1190855148	0	4.710000e-02	1	4	52
1	79	0	3	600	1	4	3822198	723	1476	1576	2078	2409	1190858391	0	4.710000e-02	1	4	22
1	80	0	3	900	1	4	3825069	774	1717	1818	2320	2641	1190861503	0	4.710000e-02	2	4	27
1	81	0	3	900	1	4	3828182	823	1847	1948	2450	2881	1190864746	0	4.710000e-02	2	4	27
1	82	0	1	900	2	4	3831706	723	1727	1827	2329	2661	1190868149	0	4.710000e-02	1	4	52
1	83	0	1	300	1	4	3834839	712	1084	1184	1686	2078	1190870639	0	4.710000e-02	1	4	22
1	84	0	3	600	2	4	3837379	843	1616	1716	2219	2540	1190873712	0	4.710000e-02	2	4	56
1	85	0	3	300	1	4	3840521	603	954	1055	1557	2008	1190876192	0	4.710000e-02	2	4	22
1	86	0	3	300	2	4	3843342	613	954	1055	1557	1918	1190879013	0	4.710000e-02	2	4	56
1	87	0	3	600	1	4	3845732	793	1536	1637	2139	2470	1190881985	0	4.710000e-02	1	4	22
1	88	0	3	600	1	4	3848664	642	1265	1365	1867	2199	1190884645	0	4.710000e-02	1	4	22
1	89	0	3	900	2	4	3851505	532	1466	1567	2068	2390	1190887687	0	4.710000e-02	1	4	52
1	90	0	1	600	1	4	3854367	873	1636	1737	2239	2560	1190890719	0	4.710000e-02	1	4	22
