1	2	0	3	600	1	4	5392323	844	1557	1657	2159	2751	929568561	0	4.710000e-02	1	4	22
1	3	0	3	300	1	4	5395677	602	1004	1104	1606	2038	929571362	0	4.710000e-02	2	4	22
1	4	0	1	600	2	4	5398207	602	1305	1406	1908	2380	929574193	0	4.710000e-02	1	4	56
1	5	0	1	600	2	4	5401179	893	1526	1626	2128	2620	929577386	0	4.710000e-02	1	4	52
1	6	0	1	300	1	4	5404502	512	934	1034	1536	1858	929580117	0	4.710000e-02	2	4	27
1	7	0	3	300	2	4	5406912	592	913	1014	1516	1958	929582507	0	4.710000e-02	2	4	52
1	8	0	3	900	1	4	5409432	823	1847	1948	2450	3072	929585960	0	4.710000e-02	1	4	27
1	10	0	1	300	1	4	5414482	542	854	954	1456	2149	929590016	0	4.710000e-02	1	4	22
1	11	0	3	600	1	4	5417103	512	1164	1265	1767	2148	929592948	0	4.710000e-02	1	4	22
1	13	0	3	300	2	4	5422966	572	914	1014	1516	2048	929598560	0	4.710000e-02	1	4	52
1	14	0	3	300	2	4	5425677	633	974	1074	1576	2058	929601332	0	4.710000e-02	1	4	52
1	17	0	3	300	2	4	5434432	572	1024	1124	1627	1958	929610137	0	4.710000e-02	2	4	56
1	19	0	1	900	2	4	5440105	733	1797	1897	2399	3564	929616582	0	4.710000e-02	1	4	52
1	20	0	1	600	2	4	5444191	562	1235	1335	1837	3133	929620106	0	4.710000e-02	2	4	56
1	21	0	3	900	2	4	5447796	702	1696	1797	2299	3273	929624172	0	4.710000e-02	1	4	52
1	23	0	1	600	1	4	5454874	763	1526	1627	2128	2661	929631080	0	4.710000e-02	1	4	22
1	24	0	1	600	1	4	5458006	583	1235	1336	1838	2360	929633921	0	4.710000e-02	2	4	27
1	25	0	1	900	2	4	5460838	562	1576	1676	2178	2691	929637094	0	4.710000e-02	2	4	52
1	26	0	1	600	2	4	5464171	542	1326	1426	1928	2390	929640176	0	4.710000e-02	2	4	56
1	27	0	3	600	2	4	5467033	783	1576	1676	2178	2630	929643289	0	4.710000e-02	2	4	56
1	28	0	3	300	1	4	5470296	632	1044	1144	1646	2038	929646020	0	4.710000e-02	2	4	27
1	29	0	1	900	2	4	5472796	672	1646	1747	2249	2620	929649122	0	4.710000e-02	1	4	52
1	30	0	3	600	2	4	5475898	753	1416	1516	2018	2490	929651993	0	4.710000e-02	1	4	52
1	31	0	1	900	2	4	5479061	572	1616	1717	2219	2651	929655357	0	4.710000e-02	1	4	52
1	32	0	3	900	2	4	5482585	532	1506	1606	2108	2590	929658770	0	4.710000e-02	2	4	56
1	33	0	3	300	1	4	5485778	823	1255	1355	1857	2369	929661712	0	4.710000e-02	2	4	27
1	34	0	1	300	1	4	5488770	562	1064	1164	1666	2158	929664513	0	4.710000e-02	1	4	22
1	35	0	1	600	2	4	5491742	783	1516	1616	2118	2500	929667937	0	4.710000e-02	2	4	56
1	37	0	1	300	1	4	5496230	582	1074	1174	1676	2048	929671983	0	4.710000e-02	1	4	22
1	39	0	3	600	1	4	5500145	593	1245	1346	1848	2169	929676069	0	4.710000e-02	1	4	22
1	40	0	1	600	2	4	5502786	813	1416	1516	2018	2339	929678880	0	4.710000e-02	2	4	56
1	41	0	3	900	1	4	5505718	723	1666	1767	2269	2620	929682063	0	4.710000e-02	2	4	22
1	43	0	1	300	2	4	5509874	512	1004	1105	1607	1938	929685557	0	4.710000e-02	2	4	56
1	45	0	1	300	2	4	5513820	723	1165	1265	1767	2209	929689663	0	4.710000e-02	1	4	52
1	46	0	1	900	2	4	5517063	813	1847	1948	2450	2771	929693589	0	4.710000e-02	1	4	52
1	47	0	3	600	2	4	5520607	703	1426	1527	2028	2390	929696711	0	4.710000e-02	1	4	52
1	48	0	3	300	1	4	5523659	804	1286	1386	1888	2471	929699623	0	4.710000e-02	1	4	22
1	50	0	3	600	2	4	5527907	702	1305	1405	1907	2228	929703890	0	4.710000e-02	1	4	52
1	51	0	1	900	2	4	5530778	673	1586	1687	2189	2641	929707043	0	4.710000e-02	1	4	52
1	52	0	3	900	2	4	5534151	703	1647	1748	2250	2581	929710476	0	4.710000e-02	2	4	56
1	53	0	1	600	2	4	5537314	542	1145	1245	1747	2079	929713137	0	4.710000e-02	2	4	56
1	54	0	1	900	1	4	5539965	773	1687	1787	2289	2610	929716330	0	4.710000e-02	2	4	22
1	55	0	3	300	2	4	5543057	723	1165	1265	1767	2209	929718900	0	4.710000e-02	2	4	56
1	58	0	1	600	1	4	5548841	542	1174	1275	1776	2098	929724693	0	4.710000e-02	2	4	27
1	59	0	1	600	2	4	5551782	693	1416	1516	2018	2470	929727876	0	4.710000e-02	1	4	52
1	60	0	3	300	2	4	5554835	512	843	943	1445	1887	929730355	0	4.710000e-02	1	4	52
1	61	0	3	900	1	4	5557395	813	1857	1958	2460	2881	929733930	0	4.710000e-02	2	4	27
1	62	0	1	300	2	4	5560748	703	1004	1104	1606	2109	929736430	0	4.710000e-02	1	4	56
1	63	0	1	900	2	4	5563479	713	1657	1757	2259	2641	929739813	0	4.710000e-02	2	4	52
1	64	0	1	900	1	4	5566802	532	1587	1687	2189	2541	929743066	0	4.710000e-02	2	4	27
1	65	0	3	300	2	4	5570086	813	1225	1325	1827	2319	929745988	0	4.710000e-02	2	4	52
1	66	0	1	900	2	4	5573037	532	1557	1657	2159	2581	929749271	0	4.710000e-02	2	4	56
1	67	0	1	300	2	4	5576150	753	1245	1345	1847	2168	929752072	0	4.710000e-02	1	4	52
1	68	0	1	600	2	4	5579001	753	1466	1567	2069	2390	929755144	0	4.710000e-02	1	4	52
1	69	0	1	300	1	4	5581853	833	1185	1285	1787	2118	929757714	0	4.710000e-02	1	4	22
1	72	0	3	600	1	4	5588479	633	1356	1456	1958	3324	929764512	0	4.710000e-02	2	4	27
1	74	0	3	300	1	4	5595889	572	1004	1104	1606	2420	929771570	0	4.710000e-02	1	4	27
1	75	0	1	900	2	4	5598781	702	1746	1847	2349	2851	929775204	0	4.710000e-02	1	4	52
1	76	0	3	300	2	4	5602435	673	1085	1185	1687	2129	929778196	0	4.710000e-02	2	4	56
1	78	0	1	900	1	4	5606220	653	1647	1747	2249	3163	929782543	0	4.710000e-02	2	4	27
1	79	0	3	900	1	4	5609855	552	1636	1737	2239	3534	929786168	0	4.710000e-02	1	4	22
1	80	0	1	900	1	4	5613861	904	1938	2038	2540	3414	929790475	0	4.710000e-02	2	4	22
1	81	0	1	900	1	4	5617746	784	1768	1868	2370	3525	929794190	0	4.710000e-02	1	4	22
1	82	0	3	900	2	4	5621853	622	1526	1626	2128	3424	929798055	0	4.710000e-02	1	4	56
1	83	0	1	900	1	4	5625749	893	1927	2028	2530	3232	929802352	0	4.710000e-02	1	4	22
1	84	0	3	600	1	4	5629453	743	1446	1547	2049	2711	929805575	0	4.710000e-02	2	4	27
1	85	0	1	600	1	4	5632636	803	1566	1667	2169	3504	929808878	0	4.710000e-02	1	4	22
1	87	0	1	900	2	4	5638138	753	1667	1767	2269	2621	929814481	0	4.710000e-02	2	4	56
1	88	0	3	900	2	4	5641220	743	1667	1768	2270	2872	929817563	0	4.710000e-02	1	4	52
1	89	0	3	300	1	4	5644875	753	1255	1356	1858	2340	929820806	0	4.710000e-02	2	4	27
1	90	0	1	300	1	4	5647686	523	914	1015	1517	1998	929823276	0	4.710000e-02	2	4	27
1	91	0	3	600	2	4	5650357	884	1596	1697	2199	2530	929826629	0	4.710000e-02	2	4	56
1	92	0	1	300	2	4	5653440	753	1184	1285	1787	2158	929829300	0	4.710000e-02	2	4	52
1	93	0	3	600	2	4	5656100	532	1265	1366	1868	2289	929832040	0	4.710000e-02	2	4	56
1	94	0	1	600	1	4	5658861	653	1326	1426	1928	2249	929834862	0	4.710000e-02	1	4	22
1	95	0	3	900	1	4	5661652	552	1466	1567	2069	2521	929837793	0	4.710000e-02	2	4	22
1	96	0	3	900	1	4	5664936	562	1586	1686	2188	2510	929841197	0	4.710000e-02	2	4	27
1	97	0	1	900	2	4	5668148	834	1788	1888	2390	2711	929844611	0	4.710000e-02	2	4	52
1	99	0	3	600	2	4	5675046	512	1115	1215	1717	2109	929850835	0	4.710000e-02	2	4	56
1	100	0	3	300	2	4	5677616	502	823	924	1426	1858	929853114	0	4.710000e-02	2	4	56
1	101	0	1	300	2	4	5680096	783	1215	1316	1818	2229	929855986	0	4.710000e-02	2	4	56
1	102	0	1	900	1	4	5682797	793	1807	1908	2410	3464	929859279	0	4.710000e-02	1	4	27
1	103	0	1	600	2	4	5686733	753	1536	1636	2138	3213	929862944	0	4.710000e-02	2	4	56
1	104	0	3	600	1	4	5690438	692	1405	1506	2008	2440	929866518	0	4.710000e-02	1	4	22
1	105	0	1	600	1	4	5693520	522	1145	1245	1747	2209	929869339	0	4.710000e-02	1	4	27
1	107	0	3	900	2	4	5697245	723	1697	1797	2299	2661	929873616	0	4.710000e-02	2	4	56
1	109	0	3	600	2	4	5705307	803	1416	1516	2018	2340	929881397	0	4.710000e-02	2	4	56
1	110	0	3	600	2	4	5708119	743	1516	1616	2118	2439	929884309	0	4.710000e-02	2	4	56
1	111	0	1	300	2	4	5711271	884	1185	1285	1787	2139	929887130	0	4.710000e-02	2	4	56
1	112	0	1	900	1	4	5714133	622	1586	1686	2188	2530	929890393	0	4.710000e-02	1	4	22
2	1	0	1	600	2	4	5745699	582	1366	1466	1968	2591	929921738	0	4.710000e-02	2	4	56
2	2	0	3	300	2	4	5748761	653	1024	1125	1627	2119	929924459	0	4.710000e-02	2	4	56
2	3	0	3	600	1	4	5751352	833	1506	1606	2108	2540	929927531	0	4.710000e-02	1	4	22
2	4	0	1	300	2	4	5754364	823	1195	1295	1797	2158	929930232	0	4.710000e-02	1	4	52
2	5	0	3	600	2	4	5757155	502	1235	1335	1837	2580	929933063	0	4.710000e-02	1	4	52
2	6	0	3	600	1	4	5760257	783	1436	1536	2039	2360	929936366	0	4.710000e-02	2	4	22
2	8	0	3	900	1	4	5768269	673	1667	1768	2270	2601	929944609	0	4.710000e-02	1	4	22
2	9	0	3	900	2	4	5771814	572	1506	1606	2108	2430	929947992	0	4.710000e-02	1	4	52
2	10	0	1	600	2	4	5774705	874	1577	1677	2179	2500	929950954	0	4.710000e-02	2	4	56
2	11	0	3	900	2	4	5777667	552	1466	1566	2068	2390	929953806	0	4.710000e-02	1	4	52
2	12	0	3	900	2	4	5780559	843	1807	1907	2409	2731	929957038	0	4.710000e-02	2	4	56
2	13	0	1	300	1	4	5783751	824	1266	1366	1868	2189	929959689	0	4.710000e-02	2	4	27
2	14	0	3	900	1	4	5786623	643	1546	1647	2149	2470	929962842	0	4.710000e-02	1	4	22
2	15	0	3	900	1	4	5789575	542	1596	1697	2199	2590	929965843	0	4.710000e-02	1	4	22
2	17	0	1	300	1	4	5793722	873	1305	1405	1907	2228	929969699	0	4.710000e-02	2	4	27
2	18	0	1	600	1	4	5796502	884	1507	1607	2109	2430	929972681	0	4.710000e-02	2	4	22
2	19	0	3	900	2	4	5799404	834	1918	2018	2520	2882	929975994	0	4.710000e-02	1	4	52
2	21	0	3	300	1	4	5804033	693	1094	1195	1697	2038	929979799	0	4.710000e-02	2	4	27
2	23	0	3	600	1	4	5808059	753	1506	1606	2108	2430	929984237	0	4.710000e-02	2	4	22
2	24	0	3	900	1	4	5811563	863	1938	2038	2540	2912	929988172	0	4.710000e-02	1	4	27
2	25	0	3	600	1	4	5815147	874	1536	1637	2139	2561	929991355	0	4.710000e-02	1	4	22
2	26	0	3	300	1	4	5818772	683	1124	1225	1727	2209	929994568	0	4.710000e-02	2	4	27
2	27	0	1	600	2	4	5821593	723	1396	1496	1998	2319	929997660	0	4.710000e-02	1	4	52
2	28	0	3	900	1	4	5824414	894	1918	2019	2521	2842	930001004	0	4.710000e-02	1	4	22
2	31	0	1	300	1	4	5832276	632	1024	1124	1626	1948	930007971	0	4.710000e-02	1	4	22
2	32	0	1	600	1	4	5834917	763	1536	1636	2138	2459	930011124	0	4.710000e-02	1	4	22
2	33	0	3	300	1	4	5837939	572	923	1024	1526	1957	930013533	0	4.710000e-02	2	4	22
2	34	0	3	300	2	4	5840569	512	994	1095	1597	1968	930016234	0	4.710000e-02	2	4	56
2	35	0	1	900	1	4	5843220	893	1817	1917	2419	2761	930019708	0	4.710000e-02	2	4	22
2	36	0	1	600	2	4	5846915	723	1395	1496	1998	2349	930022981	0	4.710000e-02	2	4	56
2	37	0	3	600	2	4	5849766	512	1165	1265	1767	3554	930025601	0	4.710000e-02	1	4	22
2	39	0	1	600	1	4	5858401	783	1466	1566	2068	2510	930034537	0	4.710000e-02	1	4	22
2	40	0	3	900	2	4	5861613	633	1567	1667	2169	2491	930037850	0	4.710000e-02	2	4	56
2	41	0	1	300	2	4	5864736	582	964	1064	1566	2048	930040370	0	4.710000e-02	1	4	56
2	42	0	3	600	2	4	5867597	824	1446	1547	2049	2410	930043714	0	4.710000e-02	2	4	52
2	44	0	3	600	1	4	5871714	512	1164	1265	1767	2239	930047549	0	4.710000e-02	2	4	27
2	46	0	1	300	1	4	5877226	873	1365	1466	1968	2289	930053262	0	4.710000e-02	1	4	22
2	47	0	1	600	1	4	5879977	643	1396	1496	1998	2319	930056043	0	4.710000e-02	1	4	22
2	48	0	1	900	1	4	5882758	783	1747	1848	2350	2671	930059175	0	4.710000e-02	2	4	27
2	49	0	3	900	1	4	5885991	562	1647	1747	2249	2621	930062308	0	4.710000e-02	1	4	27
2	50	0	1	300	2	4	5889344	563	894	995	1497	1918	930064908	0	4.710000e-02	2	4	56
2	52	0	3	300	2	4	5894495	552	904	1004	1506	1878	930070069	0	4.710000e-02	1	4	52
2	53	0	3	900	2	4	5897256	542	1597	1697	2199	2631	930073522	0	4.710000e-02	2	4	56
2	55	0	3	900	2	4	5902056	833	1857	1957	2459	2781	930078583	0	4.710000e-02	1	4	52
2	56	0	3	600	1	4	5905298	723	1526	1627	2129	2470	930081494	0	4.710000e-02	1	4	27
2	58	0	1	900	2	4	5909295	732	1746	1847	2349	2670	930085711	0	4.710000e-02	1	4	52
2	59	0	3	300	2	4	5912869	552	924	1024	1526	1918	930088462	0	4.710000e-02	1	4	52
2	60	0	1	300	1	4	5916192	773	1235	1335	1837	2159	930092096	0	4.710000e-02	2	4	27
2	61	0	3	900	1	4	5919315	903	1837	1937	2439	2761	930095821	0	4.710000e-02	1	4	22
2	62	0	1	900	1	4	5922919	813	1837	1938	2440	2761	930099426	0	4.710000e-02	2	4	27
2	63	0	3	600	1	4	5926483	844	1516	1617	2119	2440	930102668	0	4.710000e-02	2	4	27
2	64	0	1	900	2	4	5929947	613	1567	1667	2169	2490	930106182	0	4.710000e-02	1	4	52
2	66	0	3	300	1	4	5934957	844	1145	1245	1747	2069	930110771	0	4.710000e-02	2	4	27
2	67	0	3	300	1	4	5937628	572	1034	1134	1636	2902	930113331	0	4.710000e-02	2	4	27
2	68	0	3	300	1	4	5941001	653	1155	1256	1758	2129	930116825	0	4.710000e-02	2	4	27
2	69	0	3	300	1	4	5943843	552	883	984	1486	1958	930119395	0	4.710000e-02	2	4	27
2	70	0	3	600	1	4	5946393	552	1265	1366	1868	2229	930122327	0	4.710000e-02	2	4	27
2	83	0	1	900	1	4	5978723	632	1546	1646	2148	3363	930154937	0	4.710000e-02	1	4	22
2	84	0	1	300	1	4	5982558	673	1064	1165	1667	2600	930158290	0	4.710000e-02	1	4	22
2	87	0	3	300	2	4	5992167	642	1044	1144	1646	2088	930167878	0	4.710000e-02	1	4	52
2	89	0	1	300	2	4	5998311	683	1064	1165	1667	1988	930174043	0	4.710000e-02	2	4	56
2	90	0	3	600	2	4	6000881	603	1406	1506	2009	2330	930176954	0	4.710000e-02	2	4	56
2	91	0	3	600	2	4	6003894	873	1676	1777	2279	2680	930180237	0	4.710000e-02	2	4	56
2	92	0	1	300	2	4	6007287	874	1335	1436	1938	2259	930183290	0	4.710000e-02	2	4	56
2	93	0	1	900	1	4	6010189	602	1516	1616	2118	2439	930186372	0	4.710000e-02	2	4	27
2	94	0	1	600	2	4	6013331	773	1577	1677	2179	2571	930189575	0	4.710000e-02	2	4	56
2	95	0	3	300	2	4	6016474	763	1245	1345	1847	2299	930192386	0	4.710000e-02	2	4	56
2	96	0	1	300	2	4	6019275	884	1265	1366	1868	2299	930195207	0	4.710000e-02	1	4	52
2	99	0	3	300	1	4	6026855	773	1225	1326	1828	2280	930202747	0	4.710000e-02	2	4	22
2	100	0	1	600	1	4	6030651	783	1395	1496	1998	2319	930206713	0	4.710000e-02	1	4	27
2	101	0	1	300	1	4	6033432	753	1164	1265	1767	2148	930209263	0	4.710000e-02	2	4	27
2	102	0	3	600	2	4	6036364	843	1546	1646	2148	2520	930212576	0	4.710000e-02	2	4	56
2	103	0	1	600	1	4	6039386	532	1245	1345	1847	2309	930215297	0	4.710000e-02	2	4	27
2	104	0	1	900	2	4	6042287	583	1667	1767	2269	2591	930218620	0	4.710000e-02	2	4	56
2	105	0	3	300	1	4	6045339	834	1316	1416	1918	2340	930221321	0	4.710000e-02	2	4	27
2	106	0	3	900	2	4	6048603	722	1726	1827	2329	2690	930224996	0	4.710000e-02	1	4	52
2	107	0	1	300	2	4	6052147	522	883	984	1486	1807	930227696	0	4.710000e-02	1	4	52
2	109	0	1	900	1	4	6055540	723	1818	1918	2420	2792	930232024	0	4.710000e-02	1	4	22
2	110	0	1	600	1	4	6059275	583	1215	1315	1817	2139	930235156	0	4.710000e-02	2	4	27
2	111	0	1	300	1	4	6062147	833	1165	1265	1767	2088	930237977	0	4.710000e-02	1	4	22
2	112	0	1	900	2	4	6064968	562	1516	1616	2119	2440	930241150	0	4.710000e-02	2	4	56
2	113	0	3	900	2	4	6068030	673	1617	1717	2219	2541	930244313	0	4.710000e-02	2	4	56
2	114	0	1	300	1	4	6071093	612	993	1094	1596	2078	930246752	0	4.710000e-02	2	4	56
2	115	0	3	900	1	4	6073643	773	1717	1817	2319	2661	930250025	0	4.710000e-02	2	4	27
2	116	0	1	600	1	4	6076876	532	1164	1265	1767	2088	930252706	0	4.710000e-02	2	4	22
2	117	0	1	300	2	4	6079798	652	1104	1204	1706	2028	930255567	0	4.710000e-02	2	4	27
2	118	0	3	600	1	4	6082438	643	1315	1416	1918	2450	930258419	0	4.710000e-02	2	4	27
2	124	0	1	900	1	4	6097057	713	1747	1847	2349	2731	930273469	0	4.710000e-02	1	4	27
2	129	0	1	600	1	4	6109456	563	1326	1426	1928	2651	930285446	0	4.710000e-02	1	4	22
2	136	0	3	900	1	4	6132800	713	1646	1747	2249	2831	930309111	0	4.710000e-02	1	4	22
