1	1	0	1	600	1	8	13195759	643	1306	1406	1908	2590	67288312	0	7.850000e-02	2	8	27
1	2	0	3	300	1	8	13198831	844	1246	1346	1848	2300	67291324	0	7.850000e-02	2	8	27
1	3	0	1	300	2	8	13201613	703	1024	1124	1626	2058	67293884	0	7.850000e-02	2	8	56
1	4	0	1	900	2	8	13204153	783	1767	1867	2369	2781	67297168	0	7.850000e-02	1	8	52
1	5	0	1	900	2	8	13207396	863	1837	1938	2440	2781	67300481	0	7.850000e-02	2	8	56
1	6	0	1	900	1	8	13210639	803	1847	1948	2450	2771	67303734	0	7.850000e-02	2	8	27
1	7	0	1	600	2	8	13213872	803	1516	1616	2118	2520	67306635	0	7.850000e-02	2	8	56
1	8	0	3	900	1	8	13216854	793	1817	1917	2420	2992	67309919	0	7.850000e-02	1	8	22
1	9	0	1	600	1	8	13220318	702	1325	1425	1927	2500	67312890	0	7.850000e-02	1	8	27
1	10	0	3	600	2	8	13223279	532	1175	1276	1778	2270	67315702	0	7.850000e-02	1	8	52
1	11	0	1	300	2	8	13226021	843	1335	1435	1937	2279	67318603	0	7.850000e-02	2	8	56
1	12	0	1	300	1	8	13228761	783	1286	1386	1888	2511	67321294	0	7.850000e-02	1	8	22
1	13	0	3	600	1	8	13231743	794	1406	1506	2008	2551	67324396	0	7.850000e-02	2	8	27
1	14	0	3	600	2	8	13234765	864	1637	1737	2240	2792	67327649	0	7.850000e-02	1	8	52
1	15	0	3	900	2	8	13238029	753	1847	1947	2449	2991	67331123	0	7.850000e-02	2	8	56
1	16	0	1	600	1	8	13241492	723	1486	1587	2089	2671	67334226	0	7.850000e-02	1	8	22
1	17	0	1	900	1	8	13244635	613	1697	1797	2299	2841	67337579	0	7.850000e-02	1	8	22
1	18	0	1	300	1	8	13247938	653	1125	1225	1727	2239	67340310	0	7.850000e-02	1	8	22
1	19	0	3	600	1	8	13250649	693	1376	1476	1978	2380	67343272	0	7.850000e-02	1	8	22
1	20	0	1	600	2	8	13253490	743	1537	1637	2139	2460	67346274	0	7.850000e-02	2	8	56
1	21	0	3	300	2	8	13256412	502	834	934	1436	1898	67348493	0	7.850000e-02	1	8	56
1	22	0	3	300	2	8	13258782	672	1134	1234	1736	2078	67351163	0	7.850000e-02	1	8	56
1	23	0	1	300	1	8	13261322	723	1124	1225	1727	2078	67353694	0	7.850000e-02	2	8	27
1	24	0	1	900	1	8	13263862	512	1415	1516	2018	2370	67356525	0	7.850000e-02	1	8	22
1	25	0	1	300	2	8	13266693	593	1075	1175	1677	2029	67359015	0	7.850000e-02	1	8	52
1	26	0	3	600	1	8	13269183	553	1336	1436	1938	2450	67361766	0	7.850000e-02	2	8	27
1	27	0	1	300	2	8	13272105	512	924	1024	1526	2028	67364276	0	7.850000e-02	2	8	56
1	28	0	1	300	1	8	13274605	512	924	1024	1526	1847	67366776	0	7.850000e-02	1	8	22
1	29	0	3	600	1	8	13276914	633	1356	1456	1958	2440	67369517	0	7.850000e-02	2	8	27
1	30	0	3	300	1	8	13279826	653	1114	1215	1717	2209	67372187	0	7.850000e-02	1	8	22
1	31	0	3	600	2	8	13282507	692	1475	1576	2078	2419	67375230	0	7.850000e-02	1	8	52
1	32	0	3	900	2	8	13285388	713	1798	1898	2400	2721	67378432	0	7.850000e-02	1	8	52
1	33	0	1	900	2	8	13288571	853	1917	2018	2520	2902	67381736	0	7.850000e-02	2	8	56
1	34	0	3	300	2	8	13291944	774	1145	1246	1748	2209	67384336	0	7.850000e-02	1	8	52
1	35	0	3	300	1	8	13294615	854	1225	1325	1827	2269	67387087	0	7.850000e-02	2	8	27
1	36	0	3	900	1	8	13297356	663	1707	1807	2309	2812	67390310	0	7.850000e-02	2	8	27
1	37	0	1	900	2	8	13300639	522	1466	1566	2068	2400	67393352	0	7.850000e-02	1	8	52
1	38	0	3	600	1	8	13303501	612	1295	1395	1897	2389	67396043	0	7.850000e-02	1	8	27
1	39	0	3	900	2	8	13306362	542	1526	1627	2129	2691	67399135	0	7.850000e-02	2	8	56
1	40	0	1	900	2	8	13309525	542	1456	1556	2058	2520	67402228	0	7.850000e-02	1	8	52
1	41	0	3	900	1	8	13312517	652	1747	1847	2349	2701	67405511	0	7.850000e-02	1	8	22
1	42	0	1	300	1	8	13315680	582	973	1074	1576	1988	67407900	0	7.850000e-02	1	8	22
1	43	0	3	900	2	8	13318129	764	1818	1918	2420	2872	67411193	0	7.850000e-02	1	8	52
1	44	0	3	300	1	8	13321473	572	913	1014	1516	2379	67413633	0	7.850000e-02	1	8	27
1	45	0	3	600	2	8	13324324	773	1536	1637	2139	2671	67417107	0	7.850000e-02	2	8	52
1	46	0	1	600	1	8	13327457	883	1596	1697	2199	2801	67420300	0	7.850000e-02	1	8	27
1	47	0	1	300	2	8	13330730	763	1134	1235	1737	2168	67423111	0	7.850000e-02	2	8	56
1	48	0	1	600	2	8	13333370	874	1516	1617	2119	2541	67426133	0	7.850000e-02	1	8	52
1	49	0	3	600	2	8	13336383	532	1285	1385	1887	2389	67428914	0	7.850000e-02	2	8	56
1	50	0	3	300	2	8	13339244	602	1084	1184	1687	2118	67431575	0	7.850000e-02	2	8	56
1	51	0	3	300	1	8	13341834	743	1095	1195	1697	2099	67434175	0	7.850000e-02	2	8	27
1	52	0	1	600	2	8	13344394	904	1667	1767	2270	2591	67437308	0	7.850000e-02	2	8	56
1	53	0	1	900	2	8	13347447	592	1677	1777	2279	2600	67440370	0	7.850000e-02	1	8	52
1	54	0	3	900	1	8	13350549	793	1717	1817	2319	2641	67443513	0	7.850000e-02	1	8	27
1	55	0	3	300	1	8	13353652	672	994	1094	1596	1917	67445892	0	7.850000e-02	2	8	27
1	56	0	1	900	1	8	13356051	843	1918	2018	2520	2972	67449215	0	7.850000e-02	2	8	27
1	57	0	3	900	2	8	13359585	673	1747	1848	2350	2852	67452579	0	7.850000e-02	2	8	56
1	58	0	3	600	1	8	13362909	813	1526	1626	2128	2510	67455681	0	7.850000e-02	1	8	22
1	59	0	3	300	2	8	13365881	512	974	1074	1576	1968	67458101	0	7.850000e-02	1	8	52
1	60	0	1	900	1	8	13368310	874	1858	1958	2460	2781	67461414	0	7.850000e-02	1	8	22
1	61	0	1	600	2	8	13371553	663	1306	1406	1908	2229	67464105	0	7.850000e-02	2	8	56
1	62	0	3	300	2	8	13374254	863	1205	1305	1807	2169	67466705	0	7.850000e-02	2	8	56
1	63	0	3	300	1	8	13376885	793	1275	1375	1877	2409	67469406	0	7.850000e-02	1	8	27
1	64	0	1	600	1	8	13379766	643	1356	1456	1958	2811	67472368	0	7.850000e-02	2	8	27
1	65	0	1	300	1	8	13383049	743	1095	1195	1697	2169	67475390	0	7.850000e-02	1	8	22
1	66	0	3	300	2	8	13385690	853	1355	1456	1958	2470	67478292	0	7.850000e-02	1	8	52
1	67	0	3	300	2	8	13388631	683	1165	1266	1768	2230	67481043	0	7.850000e-02	2	8	56
1	68	0	1	900	1	8	13391333	552	1586	1686	2188	2700	67484165	0	7.850000e-02	1	8	22
1	69	0	1	900	2	8	13394505	783	1737	1838	2340	2902	67487488	0	7.850000e-02	2	8	56
1	70	0	1	900	2	8	13397879	743	1686	1787	2289	2942	67490812	0	7.850000e-02	2	8	52
1	71	0	1	900	1	8	13401282	844	1858	1958	2460	2782	67494386	0	7.850000e-02	2	8	27
1	72	0	1	600	1	8	13404525	834	1576	1677	2179	2541	67497348	0	7.850000e-02	2	8	27
1	73	0	1	900	1	8	13407527	583	1617	1717	2219	2651	67500390	0	7.850000e-02	1	8	22
1	74	0	3	600	2	8	13410650	522	1175	1275	1777	2259	67503071	0	7.850000e-02	1	8	52
1	75	0	3	900	2	8	13413371	873	1948	2048	2550	3132	67506565	0	7.850000e-02	2	8	56
1	76	0	3	900	1	8	13416975	613	1677	1777	2279	2822	67509898	0	7.850000e-02	2	8	27
1	77	0	1	300	2	8	13420258	804	1275	1376	1878	2229	67512779	0	7.850000e-02	1	8	52
1	79	0	1	300	2	8	13426443	603	1044	1145	1647	2209	67518733	0	7.850000e-02	1	8	52
1	80	0	3	300	1	8	13429124	653	974	1074	1576	2088	67521344	0	7.850000e-02	2	8	27
1	81	0	3	300	2	8	13431684	853	1315	1416	1918	2460	67524245	0	7.850000e-02	2	8	56
1	82	0	1	900	2	8	13434616	683	1646	1747	2249	2610	67527508	0	7.850000e-02	2	8	56
1	83	0	1	300	1	8	13437688	713	1095	1195	1697	2219	67530028	0	7.850000e-02	1	8	27
1	84	0	1	300	1	8	13440379	793	1245	1345	1847	2430	67532870	0	7.850000e-02	1	8	22
1	85	0	1	600	1	8	13443280	794	1416	1517	2019	2531	67535942	0	7.850000e-02	2	8	27
1	86	0	1	300	2	8	13446283	642	1134	1235	1737	2520	67538663	0	7.850000e-02	1	8	52
1	87	0	3	600	1	8	13449636	713	1335	1436	1938	2470	67542217	0	7.850000e-02	2	8	27
1	88	0	1	300	1	8	13452578	683	1084	1185	1687	2148	67544908	0	7.850000e-02	1	8	27
1	89	0	3	600	2	8	13455198	813	1586	1687	2189	2781	67548030	0	7.850000e-02	1	8	52
1	90	0	1	300	1	8	13458441	552	864	964	1466	1978	67550550	0	7.850000e-02	1	8	22
1	91	0	3	600	2	8	13461102	542	1305	1405	1908	2339	67553653	0	7.850000e-02	1	8	52
2	1	0	1	900	2	8	13485620	863	1958	2058	2560	3062	67578823	0	7.850000e-02	2	8	56
2	2	0	3	600	2	8	13489154	713	1446	1547	2048	2581	67581846	0	7.850000e-02	2	8	56
2	3	0	3	300	1	8	13492206	623	1054	1155	1657	2119	67584506	0	7.850000e-02	1	8	22
2	4	0	3	600	2	8	13494797	632	1315	1416	1918	2430	67587358	0	7.850000e-02	2	8	56
2	6	0	3	300	2	8	13501303	562	1014	1114	1616	2289	67593562	0	7.850000e-02	2	8	56
2	7	0	1	300	1	8	13504064	552	893	994	1496	2038	67596203	0	7.850000e-02	2	8	27
2	8	0	3	900	2	8	13506564	532	1526	1627	2129	2580	67599335	0	7.850000e-02	1	8	56
2	9	0	1	900	1	8	13509616	532	1617	1717	2219	2852	67602478	0	7.850000e-02	2	8	27
2	10	0	3	600	1	8	13513130	854	1587	1687	2189	2751	67605962	0	7.850000e-02	2	8	27
2	11	0	1	600	2	8	13516353	743	1456	1556	2058	2611	67609054	0	7.850000e-02	2	8	56
2	15	0	3	300	2	8	13541333	633	1084	1185	1687	2199	67633663	0	7.850000e-02	1	8	56
2	16	0	3	600	1	8	13544004	703	1356	1456	1958	2359	67636604	0	7.850000e-02	1	8	22
2	17	0	1	300	2	8	13546825	833	1145	1245	1747	2219	67639215	0	7.850000e-02	1	8	52
2	18	0	1	300	2	8	13549516	863	1165	1265	1767	2289	67641926	0	7.850000e-02	1	8	56
2	19	0	3	900	2	8	13552267	833	1807	1907	2409	2791	67645319	0	7.850000e-02	2	8	56
2	20	0	1	600	2	8	13555520	833	1596	1697	2199	2540	67648361	0	7.850000e-02	2	8	56
2	21	0	1	600	2	8	13558522	853	1476	1576	2078	2831	67651243	0	7.850000e-02	1	8	52
2	22	0	1	300	2	8	13561825	803	1185	1285	1788	2219	67654255	0	7.850000e-02	1	8	52
2	23	0	1	600	1	8	13564516	633	1305	1406	1907	2319	67657066	0	7.850000e-02	2	8	27
2	24	0	1	600	2	8	13567297	894	1556	1657	2159	2591	67660098	0	7.850000e-02	1	8	52
2	25	0	3	600	2	8	13570359	834	1456	1557	2059	2520	67663060	0	7.850000e-02	1	8	52
2	26	0	1	300	2	8	13573351	763	1165	1265	1768	2300	67665761	0	7.850000e-02	2	8	56
2	27	0	1	600	2	8	13576123	763	1546	1646	2148	2560	67668914	0	7.850000e-02	2	8	56
2	28	0	1	600	2	8	13579144	543	1266	1366	1868	2189	67671655	0	7.850000e-02	1	8	52
2	29	0	1	900	2	8	13581795	623	1697	1797	2299	2872	67674737	0	7.850000e-02	2	8	56
2	30	0	1	900	2	8	13585138	533	1446	1547	2049	2912	67677829	0	7.850000e-02	2	8	56
2	32	0	3	900	1	8	13589737	753	1666	1767	2269	2731	67682648	0	7.850000e-02	2	8	27
2	33	0	1	900	1	8	13592940	582	1566	1667	2169	2721	67685751	0	7.850000e-02	1	8	22
2	34	0	3	600	2	8	13596133	552	1264	1365	1867	2188	67688642	0	7.850000e-02	2	8	56
2	35	0	1	900	1	8	13598783	683	1617	1717	2219	2541	67691644	0	7.850000e-02	1	8	27
2	36	0	1	600	1	8	13601785	633	1346	1446	1948	2500	67694375	0	7.850000e-02	1	8	22
2	37	0	3	600	1	8	13604878	863	1506	1606	2108	2430	67697628	0	7.850000e-02	2	8	27
2	38	0	1	600	1	8	13607769	803	1587	1687	2189	3253	67700600	0	7.850000e-02	2	8	27
2	39	0	1	300	2	8	13611494	733	1044	1145	1647	2018	67703783	0	7.850000e-02	1	8	52
2	40	0	1	300	2	8	13613974	562	863	964	1466	1787	67706082	0	7.850000e-02	2	8	56
2	41	0	1	300	2	8	13616223	823	1175	1275	1777	2149	67708642	0	7.850000e-02	1	8	52
2	42	0	1	600	1	8	13618834	532	1285	1385	1887	2339	67711363	0	7.850000e-02	2	8	27
2	43	0	3	600	2	8	13621645	532	1335	1436	1938	2420	67714225	0	7.850000e-02	1	8	52
2	44	0	3	600	2	8	13624536	884	1597	1697	2199	2671	67717377	0	7.850000e-02	1	8	52
2	45	0	1	600	2	8	13627669	642	1355	1456	1958	2279	67720269	0	7.850000e-02	2	8	52
2	46	0	3	600	1	8	13630410	592	1375	1476	1978	2410	67723030	0	7.850000e-02	1	8	22
2	47	0	1	300	1	8	13633291	733	1095	1195	1697	2059	67725630	0	7.850000e-02	1	8	22
2	48	0	3	600	1	8	13635822	552	1315	1415	1917	2239	67728381	0	7.850000e-02	2	8	27
2	49	0	3	300	2	8	13638523	672	1144	1244	1746	2258	67730911	0	7.850000e-02	1	8	52
2	50	0	3	900	1	8	13641253	683	1727	1828	2330	2751	67734225	0	7.850000e-02	2	8	27
2	51	0	3	900	1	8	13644476	563	1607	1707	2209	2530	67737327	0	7.850000e-02	2	8	27
2	52	0	1	900	1	8	13647468	753	1667	1767	2269	2591	67740379	0	7.850000e-02	2	8	27
2	53	0	3	300	1	8	13650521	712	1034	1134	1636	2098	67742799	0	7.850000e-02	2	8	27
2	54	0	1	300	1	8	13653080	723	1145	1246	1748	2069	67745470	0	7.850000e-02	2	8	27
2	55	0	3	300	1	8	13655611	612	1074	1175	1677	2209	67747929	0	7.850000e-02	2	8	27
2	56	0	3	900	2	8	13658291	844	1828	1928	2430	2762	67751363	0	7.850000e-02	2	8	56
2	57	0	3	900	1	8	13661515	773	1757	1857	2359	2680	67754516	0	7.850000e-02	2	8	27
2	58	0	1	900	1	8	13664657	703	1787	1888	2390	2721	67757688	0	7.850000e-02	2	8	27
2	59	0	1	900	1	8	13667840	823	1918	2018	2520	3233	67761002	0	7.850000e-02	1	8	27
2	60	0	3	900	1	8	13671665	793	1787	1888	2390	2771	67764696	0	7.850000e-02	2	8	27
2	61	0	3	300	2	8	13674898	673	1125	1225	1727	2098	67767267	0	7.850000e-02	2	8	56
2	62	0	3	300	2	8	13677458	823	1155	1255	1757	2239	67769857	0	7.850000e-02	1	8	52
2	63	0	3	900	2	8	13680169	743	1807	1908	2410	2731	67773220	0	7.850000e-02	1	8	52
2	64	0	3	900	1	8	13683362	632	1707	1807	2309	2681	67776313	0	7.850000e-02	1	8	27
2	65	0	3	300	1	8	13686505	692	1034	1134	1636	2178	67778783	0	7.850000e-02	1	8	22
2	66	0	1	600	1	8	13689155	643	1325	1426	1928	2801	67781724	0	7.850000e-02	2	8	27
2	67	0	3	900	2	8	13692428	573	1476	1577	2079	5040	67785148	0	7.850000e-02	1	8	56
2	68	0	3	900	1	8	13804688	562	1536	1636	2138	2781	67897467	0	7.850000e-02	1	8	22
2	69	0	3	900	2	8	13807941	723	1717	1817	2319	3032	67900901	0	7.850000e-02	1	8	52
2	70	0	3	900	1	8	13811445	763	1747	1847	2349	2821	67904435	0	7.850000e-02	1	8	27
2	71	0	1	600	1	8	13814738	813	1597	1697	2199	2520	67907577	0	7.850000e-02	1	8	27
2	72	0	1	900	1	8	13817720	833	1897	1998	2500	3414	67910861	0	7.850000e-02	1	8	27
2	73	0	3	300	1	8	13821605	663	1095	1195	1697	2400	67913943	0	7.850000e-02	1	8	22
2	74	0	1	600	1	8	13824477	723	1416	1516	2018	2339	67917136	0	7.850000e-02	2	8	27
2	75	0	3	600	1	8	13827278	854	1587	1687	2189	2681	67920108	0	7.850000e-02	2	8	27
2	76	0	3	900	2	8	13830431	723	1677	1777	2279	2942	67923350	0	7.850000e-02	2	8	52
2	77	0	3	900	1	8	13833845	522	1485	1586	2088	2600	67926573	0	7.850000e-02	1	8	22
2	78	0	3	600	2	8	13836917	703	1325	1426	1927	2460	67929485	0	7.850000e-02	2	8	56
2	79	0	3	600	1	8	13839848	603	1246	1346	1848	2390	67932336	0	7.850000e-02	1	8	22
2	80	0	3	900	2	8	13842710	864	1877	1978	2480	3253	67935830	0	7.850000e-02	1	8	56
2	81	0	3	900	1	8	13846425	643	1566	1667	2169	2741	67939234	0	7.850000e-02	1	8	27
2	82	0	3	300	1	8	13849638	682	1154	1255	1757	2249	67942035	0	7.850000e-02	1	8	22
2	83	0	3	300	2	8	13852359	602	994	1094	1596	2068	67944595	0	7.850000e-02	2	8	56
2	84	0	1	600	1	8	13854899	803	1476	1576	2078	2480	67947617	0	7.850000e-02	1	8	22
2	85	0	1	300	1	8	13857841	511	903	1004	1506	1887	67949987	0	7.850000e-02	1	8	22
2	86	0	3	900	2	8	13860190	813	1908	2008	2510	2852	67953340	0	7.850000e-02	2	8	52
2	87	0	1	600	2	8	13863503	643	1386	1486	1988	2400	67956131	0	7.850000e-02	1	8	52
2	88	0	3	300	1	8	13866365	663	1004	1104	1606	1938	67958611	0	7.850000e-02	2	8	27
2	89	0	1	900	2	8	13868764	783	1697	1798	2300	2762	67961704	0	7.850000e-02	1	8	52
2	90	0	3	600	1	8	13871997	512	1135	1235	1737	2179	67964374	0	7.850000e-02	1	8	27
2	91	0	1	900	2	8	13874648	662	1727	1827	2329	2861	67967617	0	7.850000e-02	1	8	56
2	92	0	1	900	2	8	13877981	573	1597	1697	2199	2591	67970820	0	7.850000e-02	1	8	56
2	93	0	1	600	2	8	13881033	894	1627	1727	2229	2922	67973902	0	7.850000e-02	2	8	52
2	94	0	1	300	1	8	13884427	884	1285	1386	1888	2289	67976955	0	7.850000e-02	1	8	22
2	95	0	1	600	2	8	13887178	562	1205	1305	1807	2229	67979625	0	7.850000e-02	1	8	52
