1	1	0	1	300	2	8	8223385	532	853	954	1456	2138	932398854	0	7.850000e-02	1	8	52
1	2	0	1	900	1	8	8226015	743	1707	1807	2310	2761	932402338	0	7.850000e-02	1	8	22
1	3	0	3	900	2	8	8229449	773	1827	1928	2430	2801	932405892	0	7.850000e-02	2	8	52
1	5	0	1	900	1	8	8233716	904	1948	2048	2550	3083	932410280	0	7.850000e-02	2	8	27
1	6	0	1	300	2	8	8237270	603	1014	1115	1617	1988	932412900	0	7.850000e-02	2	8	56
1	7	0	3	900	1	8	8239720	573	1516	1617	2119	2440	932415852	0	7.850000e-02	1	8	22
1	8	0	1	300	1	8	8242752	552	934	1034	1536	1958	932418301	0	7.850000e-02	2	8	22
1	9	0	3	300	1	8	8245182	532	1024	1125	1627	2048	932420822	0	7.850000e-02	2	8	22
1	11	0	1	600	2	8	8248706	844	1597	1697	2199	2520	932424918	0	7.850000e-02	1	8	52
1	12	0	3	300	2	8	8251758	573	1015	1115	1617	1948	932427388	0	7.850000e-02	1	8	52
1	13	0	3	600	2	8	8254228	673	1336	1436	1938	2260	932430179	0	7.850000e-02	1	8	52
1	14	0	3	600	1	8	8256949	673	1456	1557	2059	2380	932433020	0	7.850000e-02	2	8	22
1	15	0	3	300	2	8	8260011	774	1165	1265	1768	2149	932435791	0	7.850000e-02	2	8	56
1	16	0	1	900	2	8	8262662	854	1918	2018	2520	2841	932439195	0	7.850000e-02	1	8	52
1	17	0	3	900	2	8	8266026	853	1767	1867	2369	2690	932442407	0	7.850000e-02	2	8	52
1	18	0	1	900	2	8	8269359	572	1667	1767	2269	2731	932445640	0	7.850000e-02	2	8	52
1	19	0	1	300	2	8	8272702	713	1175	1275	1777	2099	932448492	0	7.850000e-02	2	8	56
1	20	0	1	600	2	8	8275333	562	1335	1436	1938	2259	932451283	0	7.850000e-02	1	8	52
1	21	0	3	900	2	8	8278144	653	1647	1747	2249	2571	932454405	0	7.850000e-02	1	8	52
1	22	0	3	600	1	8	8281598	653	1406	1506	2008	2329	932457618	0	7.850000e-02	1	8	22
1	23	0	3	300	1	8	8284500	632	1014	1114	1616	1937	932460128	0	7.850000e-02	2	8	22
1	24	0	1	300	1	8	8287040	652	1124	1225	1727	2219	932462779	0	7.850000e-02	1	8	22
1	25	0	1	600	2	8	8289871	733	1476	1577	2079	2400	932465961	0	7.850000e-02	1	8	52
1	26	0	3	900	2	8	8292743	732	1727	1827	2329	2650	932469084	0	7.850000e-02	2	8	56
1	27	0	1	300	2	8	8296126	803	1285	1386	1888	2209	932472025	0	7.850000e-02	1	8	52
1	28	0	1	900	1	8	8298897	884	1948	2048	2551	2872	932475459	0	7.850000e-02	2	8	22
1	29	0	1	300	2	8	8302763	793	1124	1225	1727	2088	932478501	0	7.850000e-02	2	8	56
1	30	0	3	300	2	8	8305453	583	964	1065	1567	1888	932481031	0	7.850000e-02	1	8	56
1	31	0	3	300	1	8	8307903	563	894	994	1496	1818	932483411	0	7.850000e-02	2	8	22
1	32	0	3	900	1	8	8310524	542	1596	1697	2199	2520	932486734	0	7.850000e-02	2	8	22
1	33	0	1	300	1	8	8313807	603	1064	1165	1667	1988	932489485	0	7.850000e-02	2	8	27
1	34	0	1	600	1	8	8316357	864	1526	1627	2129	2450	932492497	0	7.850000e-02	2	8	27
1	35	0	1	900	2	8	8319400	632	1646	1746	2248	2570	932495660	0	7.850000e-02	1	8	56
1	36	0	1	900	1	8	8322693	582	1666	1767	2269	2590	932498973	0	7.850000e-02	2	8	27
1	37	0	1	600	2	8	8325845	793	1506	1607	2109	2430	932501965	0	7.850000e-02	1	8	56
1	38	0	1	900	2	8	8329088	844	1797	1898	2400	2721	932505499	0	7.850000e-02	1	8	56
1	39	0	3	900	2	8	8332622	733	1707	1808	2310	2631	932508942	0	7.850000e-02	2	8	56
1	40	0	3	900	2	8	8335815	532	1576	1677	2179	2500	932512005	0	7.850000e-02	1	8	56
1	41	0	3	900	2	8	8339098	783	1737	1838	2340	3133	932515448	0	7.850000e-02	2	8	56
1	42	0	3	300	1	8	8342863	703	1185	1285	1787	2290	932518661	0	7.850000e-02	1	8	22
1	43	0	3	900	2	8	8345725	743	1777	1877	2379	2942	932522115	0	7.850000e-02	1	8	56
1	44	0	3	600	1	8	8349470	582	1245	1345	1847	2169	932525328	0	7.850000e-02	1	8	22
1	45	0	1	900	1	8	8352221	572	1586	1687	2189	2540	932528420	0	7.850000e-02	2	8	27
1	46	0	1	900	1	8	8355283	683	1687	1787	2289	2671	932531583	0	7.850000e-02	1	8	22
1	47	0	3	300	2	8	8358536	803	1205	1305	1807	2129	932534354	0	7.850000e-02	2	8	56
1	48	0	1	600	1	8	8361177	833	1436	1536	2038	2369	932537225	0	7.850000e-02	2	8	27
1	49	0	1	300	1	8	8364169	642	1104	1205	1707	2128	932539886	0	7.850000e-02	1	8	22
1	50	0	1	900	1	8	8366839	894	1848	1948	2450	2772	932543299	0	7.850000e-02	2	8	22
1	51	0	1	300	1	8	8370123	542	1004	1104	1606	2018	932545739	0	7.850000e-02	1	8	27
1	52	0	1	900	1	8	8373094	743	1677	1778	2280	2601	932549384	0	7.850000e-02	1	8	22
1	53	0	3	300	1	8	8376187	873	1275	1375	1877	2309	932552074	0	7.850000e-02	2	8	27
1	54	0	3	900	1	8	8379048	844	1938	2039	2541	2862	932555598	0	7.850000e-02	1	8	22
1	55	0	3	600	1	8	8382643	903	1606	1707	2209	2530	932558861	0	7.850000e-02	1	8	22
1	56	0	1	300	1	8	8385695	693	1064	1165	1667	1988	932561371	0	7.850000e-02	1	8	22
1	57	0	1	900	2	8	8388225	653	1677	1777	2279	2601	932564514	0	7.850000e-02	1	8	52
1	58	0	1	300	2	8	8391468	693	1074	1175	1677	1998	932567154	0	7.850000e-02	2	8	52
1	59	0	3	300	2	8	8394018	643	1014	1115	1617	1938	932569644	0	7.850000e-02	1	8	52
1	60	0	3	300	2	8	8396619	672	1004	1104	1606	1928	932572235	0	7.850000e-02	1	8	52
1	61	0	1	900	1	8	8399390	743	1737	1837	2339	2661	932575739	0	7.850000e-02	2	8	22
1	62	0	3	900	1	8	8402794	632	1696	1797	2299	2640	932579102	0	7.850000e-02	2	8	27
1	63	0	3	300	1	8	8406046	683	1085	1185	1687	2009	932581742	0	7.850000e-02	1	8	22
1	64	0	3	900	1	8	8408778	612	1706	1807	2309	2630	932585096	0	7.850000e-02	2	8	22
1	65	0	1	600	1	8	8412141	693	1305	1406	1908	2229	932588058	0	7.850000e-02	2	8	22
1	66	0	3	300	1	8	8415133	883	1195	1295	1797	2169	932590939	0	7.850000e-02	1	8	22
1	67	0	3	600	2	8	8417974	543	1145	1245	1747	2069	932593730	0	7.850000e-02	2	8	52
1	69	0	3	600	2	8	8423356	572	1295	1395	1898	2259	932599262	0	7.850000e-02	1	8	52
1	70	0	1	600	1	8	8426207	874	1526	1627	2129	2530	932602344	0	7.850000e-02	2	8	22
1	71	0	1	300	2	8	8429320	562	964	1064	1566	1887	932604895	0	7.850000e-02	2	8	52
1	72	0	1	300	1	8	8431890	853	1205	1305	1807	2128	932607706	0	7.850000e-02	2	8	27
1	73	0	3	600	2	8	8434912	793	1436	1536	2038	2360	932610959	0	7.850000e-02	2	8	56
1	74	0	1	300	1	8	8438125	783	1235	1335	1837	2299	932613971	0	7.850000e-02	1	8	27
1	75	0	3	900	2	8	8441227	673	1657	1758	2260	2631	932617495	0	7.850000e-02	2	8	56
1	76	0	3	600	1	8	8444320	612	1375	1476	1978	2480	932620306	0	7.850000e-02	2	8	27
1	77	0	3	900	1	8	8447583	713	1616	1717	2219	2942	932623810	0	7.850000e-02	2	8	22
1	78	0	3	300	2	8	8451298	853	1215	1315	1817	2138	932627123	0	7.850000e-02	2	8	56
1	79	0	3	600	2	8	8453999	602	1204	1305	1807	2128	932629814	0	7.850000e-02	1	8	56
1	80	0	3	900	1	8	8456860	823	1888	1988	2490	2952	932633358	0	7.850000e-02	1	8	27
1	81	0	3	300	2	8	8460585	763	1245	1345	1847	2229	932636440	0	7.850000e-02	1	8	52
1	82	0	3	600	2	8	8463366	562	1235	1336	1838	2360	932639211	0	7.850000e-02	2	8	52
1	83	0	1	600	2	8	8466479	672	1395	1496	1998	2319	932642484	0	7.850000e-02	1	8	56
1	85	0	3	600	1	8	8470364	884	1536	1637	2139	2631	932646510	0	7.850000e-02	2	8	27
1	86	0	1	600	1	8	8473627	532	1155	1255	1757	2259	932649392	0	7.850000e-02	1	8	22
1	87	0	3	300	1	8	8476599	623	1094	1195	1697	2018	932652303	0	7.850000e-02	1	8	22
1	88	0	3	600	1	8	8479189	603	1296	1396	1898	2290	932655095	0	7.850000e-02	1	8	22
1	89	0	1	900	2	8	8482382	593	1577	1677	2179	2500	932658568	0	7.850000e-02	1	8	52
1	90	0	3	300	1	8	8485655	713	1065	1165	1667	1999	932661329	0	7.850000e-02	2	8	27
1	91	0	3	300	2	8	8488326	582	904	1004	1506	1827	932663839	0	7.850000e-02	1	8	52
1	92	0	3	900	2	8	8490886	784	1697	1798	2300	2631	932667193	0	7.850000e-02	2	8	56
1	93	0	3	600	2	8	8494200	522	1305	1405	1907	2229	932670114	0	7.850000e-02	2	8	56
1	94	0	3	600	1	8	8497141	613	1396	1497	1998	2320	932673146	0	7.850000e-02	2	8	22
2	1	0	1	600	1	8	8537573	804	1416	1516	2018	2862	932713598	0	7.850000e-02	1	8	27
2	2	0	3	300	1	8	8540997	593	974	1074	1577	1908	932716579	0	7.850000e-02	1	8	22
2	3	0	3	600	2	8	8543547	773	1556	1657	2159	2922	932719712	0	7.850000e-02	2	8	56
2	4	0	1	600	1	8	8547142	642	1385	1486	1988	2430	932723136	0	7.850000e-02	2	8	22
2	5	0	3	900	1	8	8550575	653	1677	1778	2280	2691	932726860	0	7.850000e-02	2	8	27
2	6	0	1	300	1	8	8554170	592	904	1004	1506	1827	932729682	0	7.850000e-02	2	8	27
2	7	0	3	600	1	8	8556519	613	1306	1406	1908	2500	932732433	0	7.850000e-02	1	8	22
2	8	0	3	600	2	8	8559883	783	1405	1506	2008	2329	932735896	0	7.850000e-02	1	8	52
2	9	0	1	600	1	8	8562835	823	1556	1656	2158	2480	932738999	0	7.850000e-02	2	8	27
2	10	0	1	600	1	8	8565877	592	1245	1345	1847	2409	932741730	0	7.850000e-02	1	8	27
2	11	0	3	300	1	8	8568959	653	1034	1135	1637	1968	932744601	0	7.850000e-02	2	8	27
2	12	0	1	900	2	8	8571600	592	1546	1646	2148	2470	932747754	0	7.850000e-02	1	8	52
2	13	0	3	300	1	8	8574742	683	994	1095	1597	1918	932750344	0	7.850000e-02	1	8	27
2	14	0	1	600	2	8	8577252	884	1577	1677	2179	2641	932753436	0	7.850000e-02	2	8	56
2	15	0	3	600	2	8	8580626	653	1345	1446	1948	2279	932756579	0	7.850000e-02	2	8	56
2	17	0	3	600	2	8	8584602	672	1425	1526	2028	2470	932760635	0	7.850000e-02	2	8	56
2	18	0	3	300	2	8	8587684	884	1335	1436	1938	2581	932763627	0	7.850000e-02	1	8	52
2	19	0	1	900	2	8	8590857	512	1536	1636	2138	2460	932767000	0	7.850000e-02	1	8	52
2	20	0	1	600	2	8	8594040	642	1355	1455	1957	2349	932770002	0	7.850000e-02	1	8	56
2	21	0	1	600	2	8	8596991	573	1336	1436	1938	2260	932772934	0	7.850000e-02	1	8	52
2	22	0	1	600	1	8	8599823	773	1566	1666	2168	2490	932775996	0	7.850000e-02	2	8	27
2	23	0	3	300	2	8	8602915	753	1125	1225	1727	2139	932778647	0	7.850000e-02	2	8	52
2	24	0	1	900	2	8	8605787	582	1556	1656	2158	2490	932781950	0	7.850000e-02	2	8	56
2	28	0	3	900	2	8	8615024	572	1576	1676	2178	2500	932791207	0	7.850000e-02	2	8	56
2	29	0	1	600	2	8	8618176	512	1205	1305	1808	2129	932793988	0	7.850000e-02	2	8	56
2	30	0	1	900	2	8	8620937	743	1838	1938	2440	2761	932797381	0	7.850000e-02	2	8	56
2	31	0	3	600	1	8	8624371	532	1265	1366	1868	2189	932800243	0	7.850000e-02	1	8	22
2	33	0	3	300	1	8	8628749	612	923	1024	1526	1857	932804279	0	7.850000e-02	1	8	22
2	34	0	3	600	2	8	8631269	582	1195	1295	1797	2118	932807070	0	7.850000e-02	2	8	56
2	36	0	1	600	1	8	8635305	652	1446	1546	2048	2370	932811357	0	7.850000e-02	1	8	22
2	37	0	3	900	2	8	8638297	612	1556	1657	2158	2480	932814459	0	7.850000e-02	1	8	52
2	38	0	3	900	2	8	8641490	803	1897	1998	2500	2821	932817993	0	7.850000e-02	2	8	56
2	39	0	1	300	2	8	8645165	732	1124	1224	1726	2108	932820895	0	7.850000e-02	2	8	56
2	41	0	3	900	1	8	8648859	532	1496	1597	2099	2420	932824961	0	7.850000e-02	2	8	22
2	42	0	1	900	1	8	8651972	813	1887	1988	2490	2811	932828465	0	7.850000e-02	2	8	27
2	43	0	3	600	1	8	8655426	542	1174	1275	1777	2098	932831206	0	7.850000e-02	1	8	27
2	44	0	3	900	1	8	8658237	773	1827	1927	2430	2751	932834670	0	7.850000e-02	1	8	22
2	45	0	1	300	1	8	8661731	592	1094	1194	1696	2209	932837431	0	7.850000e-02	1	8	27
2	46	0	1	600	1	8	8664843	663	1366	1466	1968	2290	932840814	0	7.850000e-02	1	8	27
2	47	0	3	300	2	8	8667875	563	1055	1155	1657	1978	932843535	0	7.850000e-02	1	8	52
2	48	0	1	600	2	8	8670355	874	1547	1647	2149	2470	932846507	0	7.850000e-02	2	8	56
2	49	0	1	300	1	8	8673498	753	1195	1295	1797	2118	932849298	0	7.850000e-02	1	8	27
2	50	0	1	600	2	8	8676309	562	1255	1356	1858	2179	932852169	0	7.850000e-02	2	8	56
2	51	0	1	300	1	8	8679261	873	1365	1466	1968	2360	932855232	0	7.850000e-02	2	8	22
2	52	0	1	600	2	8	8682494	713	1426	1526	2028	2349	932858525	0	7.850000e-02	1	8	52
2	53	0	3	900	1	8	8685385	834	1868	1968	2471	2892	932861858	0	7.850000e-02	1	8	22
2	54	0	1	600	2	8	8688950	622	1235	1335	1837	2158	932864790	0	7.850000e-02	2	8	56
2	55	0	1	900	1	8	8691661	873	1827	1927	2429	2751	932868093	0	7.850000e-02	1	8	27
2	56	0	3	600	2	8	8695064	663	1406	1506	2008	2330	932871075	0	7.850000e-02	1	8	52
2	57	0	1	600	1	8	8697926	853	1506	1606	2108	2430	932874037	0	7.850000e-02	1	8	22
2	58	0	1	900	2	8	8701048	864	1848	1948	2450	2771	932877500	0	7.850000e-02	2	8	52
2	59	0	3	900	1	8	8704402	813	1887	1988	2490	2811	932880894	0	7.850000e-02	2	8	27
2	60	0	3	300	1	8	8707996	532	1014	1115	1617	1938	932883615	0	7.850000e-02	2	8	27
2	61	0	3	600	2	8	8710486	653	1285	1386	1888	2209	932886376	0	7.850000e-02	2	8	52
2	62	0	1	900	1	8	8713649	592	1676	1777	2279	2701	932889930	0	7.850000e-02	1	8	22
2	63	0	1	300	2	8	8717002	763	1205	1305	1807	2129	932892811	0	7.850000e-02	1	8	52
2	64	0	1	300	2	8	8719653	703	1054	1154	1657	1978	932895311	0	7.850000e-02	1	8	52
2	65	0	1	600	1	8	8722123	813	1516	1616	2118	2439	932898243	0	7.850000e-02	2	8	27
2	66	0	1	300	2	8	8725255	894	1255	1356	1858	2179	932901114	0	7.850000e-02	2	8	52
2	67	0	1	900	2	8	8728157	813	1907	2008	2510	2831	932904669	0	7.850000e-02	2	8	52
2	68	0	1	900	2	8	8731681	582	1566	1667	2169	2490	932907851	0	7.850000e-02	2	8	56
2	69	0	1	300	1	8	8734723	763	1145	1245	1747	2069	932910472	0	7.850000e-02	1	8	27
2	70	0	1	600	2	8	8737494	673	1366	1466	1968	2289	932913464	0	7.850000e-02	2	8	52
2	71	0	1	900	1	8	8740506	884	1868	1968	2470	2792	932916978	0	7.850000e-02	1	8	27
2	72	0	1	300	2	8	8743980	653	984	1085	1587	1908	932919568	0	7.850000e-02	1	8	52
2	73	0	1	300	2	8	8746641	883	1265	1365	1867	2189	932922510	0	7.850000e-02	2	8	52
2	74	0	3	900	2	8	8749382	843	1908	2008	2510	2831	932925893	0	7.850000e-02	1	8	52
2	75	0	3	900	1	8	8752775	723	1657	1758	2260	2581	932929036	0	7.850000e-02	2	8	27
2	76	0	1	900	2	8	8756029	572	1636	1736	2238	2560	932932269	0	7.850000e-02	2	8	52
2	78	0	3	900	2	8	8762354	803	1867	1968	2470	2791	932938825	0	7.850000e-02	2	8	56
2	79	0	3	600	1	8	8765697	542	1305	1406	1908	2229	932941606	0	7.850000e-02	2	8	27
2	80	0	1	600	1	8	8768529	893	1526	1626	2128	2449	932944658	0	7.850000e-02	1	8	22
2	81	0	3	600	1	8	8771541	863	1516	1616	2118	2439	932947660	0	7.850000e-02	2	8	27
2	82	0	3	600	1	8	8774553	562	1225	1325	1827	2148	932950381	0	7.850000e-02	1	8	22
2	83	0	1	900	2	8	8777374	713	1717	1817	2319	2641	932953694	0	7.850000e-02	1	8	52
2	84	0	1	900	1	8	8780547	622	1586	1687	2189	2510	932956736	0	7.850000e-02	1	8	22
2	86	0	1	300	1	8	8784733	894	1376	1476	1978	2300	932960712	0	7.850000e-02	1	8	22
2	87	0	3	300	1	8	8787695	653	1065	1165	1667	1988	932963362	0	7.850000e-02	2	8	22
2	88	0	3	900	1	8	8790256	823	1767	1867	2369	2690	932966625	0	7.850000e-02	1	8	27
2	89	0	1	900	1	8	8793509	783	1857	1958	2460	2781	932969969	0	7.850000e-02	1	8	22
2	90	0	1	300	1	8	8796872	753	1155	1255	1757	2079	932972629	0	7.850000e-02	2	8	27
2	91	0	3	300	2	8	8799503	662	1014	1114	1616	1938	932975119	0	7.850000e-02	2	8	52
2	92	0	1	600	2	8	8802334	542	1255	1355	1857	2179	932978191	0	7.850000e-02	2	8	56
2	93	0	3	600	2	8	8805065	753	1446	1546	2048	2370	932981113	0	7.850000e-02	2	8	52
2	94	0	1	300	2	8	8808187	743	1165	1265	1768	2089	932983954	0	7.850000e-02	1	8	52
2	95	0	3	300	2	8	8810808	532	954	1054	1556	1878	932986364	0	7.850000e-02	2	8	52
2	96	0	3	300	2	8	8813438	874	1235	1336	1838	2159	932989276	0	7.850000e-02	2	8	56
2	97	0	3	900	1	8	8816119	623	1647	1747	2249	2571	932992368	0	7.850000e-02	1	8	22
2	98	0	1	300	2	8	8819583	813	1275	1376	1878	2199	932995460	0	7.850000e-02	1	8	52
2	99	0	3	600	1	8	8822515	552	1265	1365	1867	2189	932998382	0	7.850000e-02	2	8	22
