1	1	0	3	600	1	4	4974209	572	1255	1355	1858	3042	1099203146	0	4.710000e-02	1	4	22
1	2	0	1	300	2	4	4977733	853	1195	1295	1797	2119	1099206610	0	4.710000e-02	1	4	52
1	3	0	3	900	2	4	4980384	602	1626	1726	2228	2550	1099209692	0	4.710000e-02	1	4	52
1	4	0	1	600	2	4	4983606	663	1336	1436	1938	2260	1099212624	0	4.710000e-02	1	4	56
1	5	0	1	600	2	4	4986588	904	1547	1647	2149	2470	1099215817	0	4.710000e-02	1	4	52
1	6	0	3	300	1	4	4989520	643	1054	1155	1657	1978	1099218257	0	4.710000e-02	2	4	22
1	7	0	3	600	1	4	4992171	672	1425	1526	2028	2349	1099221279	0	4.710000e-02	2	4	27
1	8	0	1	600	1	4	4995203	753	1456	1556	2058	2379	1099224341	0	4.710000e-02	2	4	27
1	9	0	1	900	1	4	4998426	602	1697	1797	2299	2731	1099227805	0	4.710000e-02	2	4	22
1	10	0	1	900	1	4	5001850	582	1656	1757	2258	2580	1099231188	0	4.710000e-02	1	4	22
1	11	0	3	600	2	4	5005093	592	1265	1365	1867	2188	1099234039	0	4.710000e-02	2	4	56
1	12	0	3	900	2	4	5007924	552	1566	1666	2168	2490	1099237172	0	4.710000e-02	2	4	56
1	13	0	1	600	2	4	5010886	743	1456	1556	2058	2379	1099240023	0	4.710000e-02	1	4	52
1	14	0	3	300	1	4	5014109	823	1214	1315	1817	2138	1099243005	0	4.710000e-02	1	4	27
1	15	0	1	300	2	4	5016930	613	974	1074	1576	1898	1099245585	0	4.710000e-02	2	4	52
1	16	0	1	900	1	4	5019360	632	1737	1837	2339	2660	1099248778	0	4.710000e-02	2	4	27
1	17	0	1	300	1	4	5022663	532	1014	1114	1617	1938	1099251358	0	4.710000e-02	1	4	27
1	18	0	1	900	2	4	5025123	692	1606	1707	2209	2530	1099254411	0	4.710000e-02	1	4	52
1	19	0	3	600	2	4	5028125	522	1175	1275	1777	2098	1099256981	0	4.710000e-02	1	4	52
1	20	0	1	900	1	4	5030705	894	1858	1958	2460	2781	1099260244	0	4.710000e-02	2	4	27
1	21	0	1	300	2	4	5034149	823	1195	1295	1797	2118	1099263025	0	4.710000e-02	2	4	52
1	23	0	3	900	1	4	5037824	532	1566	1666	2168	2490	1099267071	0	4.710000e-02	1	4	27
1	24	0	3	300	2	4	5040846	733	1164	1265	1767	2088	1099269692	0	4.710000e-02	1	4	52
1	25	0	3	600	2	4	5043406	663	1285	1386	1888	2209	1099272372	0	4.710000e-02	1	4	52
1	26	0	3	300	2	4	5046107	793	1124	1225	1727	2048	1099274912	0	4.710000e-02	1	4	52
1	27	0	1	600	2	4	5048667	512	1195	1295	1797	2119	1099277543	0	4.710000e-02	1	4	52
1	28	0	3	300	1	4	5051288	873	1305	1405	1907	2229	1099280274	0	4.710000e-02	1	4	22
1	29	0	1	900	1	4	5054029	753	1787	1887	2389	2710	1099283497	0	4.710000e-02	1	4	22
1	30	0	1	600	1	4	5057211	763	1376	1476	1978	2300	1099286268	0	4.710000e-02	1	4	22
1	31	0	3	600	2	4	5059973	502	1245	1345	1847	2168	1099288898	0	4.710000e-02	1	4	52
1	32	0	3	900	1	4	5062613	572	1657	1757	2259	2580	1099291950	0	4.710000e-02	1	4	22
1	33	0	3	300	1	4	5065665	753	1105	1205	1707	2028	1099294450	0	4.710000e-02	1	4	22
1	34	0	3	300	2	4	5068165	723	1085	1185	1687	2008	1099296930	0	4.710000e-02	1	4	52
1	35	0	3	300	2	4	5070645	894	1366	1466	1968	2289	1099299691	0	4.710000e-02	1	4	52
1	36	0	1	300	1	4	5073406	803	1225	1326	1828	2149	1099302312	0	4.710000e-02	2	4	22
1	37	0	3	900	1	4	5076027	652	1717	1817	2319	2640	1099305424	0	4.710000e-02	2	4	22
1	38	0	1	600	1	4	5079450	533	1165	1266	1768	2139	1099308295	0	4.710000e-02	1	4	27
1	39	0	1	600	1	4	5082151	613	1255	1356	1858	2179	1099311086	0	4.710000e-02	1	4	22
1	40	0	1	300	2	4	5084852	823	1235	1335	1838	2159	1099313767	0	4.710000e-02	1	4	52
1	41	0	3	300	2	4	5087483	552	913	1014	1516	1837	1099316076	0	4.710000e-02	2	4	52
1	42	0	3	900	2	4	5090053	542	1536	1636	2139	2460	1099319269	0	4.710000e-02	1	4	52
1	43	0	1	900	1	4	5093246	793	1897	1998	2500	2821	1099322823	0	4.710000e-02	2	4	22
1	44	0	3	600	2	4	5096619	522	1195	1295	1797	2119	1099325494	0	4.710000e-02	1	4	56
1	46	0	1	300	1	4	5100455	883	1345	1445	1947	2269	1099329480	0	4.710000e-02	1	4	22
1	47	0	1	600	2	4	5103397	542	1295	1395	1897	2218	1099332371	0	4.710000e-02	2	4	52
1	48	0	3	300	1	4	5106398	563	954	1055	1557	1878	1099335032	0	4.710000e-02	1	4	22
1	49	0	3	900	1	4	5108858	854	1818	1918	2420	2741	1099338355	0	4.710000e-02	2	4	22
1	51	0	3	900	2	4	5115495	602	1556	1656	2158	2570	1099344731	0	4.710000e-02	1	4	56
1	52	0	1	900	2	4	5118617	774	1798	1898	2400	2721	1099348094	0	4.710000e-02	1	4	52
1	53	0	3	600	1	4	5121921	732	1345	1445	1947	2269	1099350945	0	4.710000e-02	2	4	22
1	54	0	1	600	1	4	5124722	693	1375	1476	1978	2470	1099353777	0	4.710000e-02	1	4	22
1	55	0	1	900	1	4	5127874	643	1717	1818	2320	2641	1099357271	0	4.710000e-02	2	4	27
1	56	0	3	900	2	4	5131067	593	1647	1747	2249	2571	1099360393	0	4.710000e-02	1	4	56
1	57	0	1	600	2	4	5134370	864	1517	1617	2119	2651	1099363566	0	4.710000e-02	2	4	56
1	58	0	1	300	1	4	5137563	512	894	994	1496	1838	1099366136	0	4.710000e-02	2	4	27
1	59	0	1	900	1	4	5139983	683	1647	1747	2249	2570	1099369309	0	4.710000e-02	1	4	22
1	60	0	3	300	1	4	5143085	543	854	954	1456	1778	1099371618	0	4.710000e-02	1	4	22
1	61	0	3	600	1	4	5145335	592	1224	1325	1827	2148	1099374238	0	4.710000e-02	1	4	27
1	62	0	1	300	2	4	5148437	642	1044	1144	1646	1968	1099377160	0	4.710000e-02	2	4	56
1	63	0	1	900	1	4	5150907	843	1777	1877	2379	2701	1099380363	0	4.710000e-02	1	4	22
1	64	0	3	300	2	4	5154130	582	893	994	1496	1817	1099382702	0	4.710000e-02	2	4	56
1	65	0	3	300	2	4	5156439	813	1135	1235	1737	2058	1099385252	0	4.710000e-02	1	4	56
1	66	0	3	600	1	4	5159029	814	1577	1677	2179	2631	1099388284	0	4.710000e-02	2	4	27
1	68	0	1	900	2	4	5163106	753	1757	1857	2359	2680	1099392541	0	4.710000e-02	1	4	52
1	69	0	3	600	1	4	5166429	612	1255	1355	1857	2179	1099395362	0	4.710000e-02	2	4	27
1	70	0	3	900	1	4	5169250	753	1767	1868	2370	2691	1099398696	0	4.710000e-02	1	4	22
1	71	0	1	600	2	4	5172473	824	1466	1567	2069	2390	1099401617	0	4.710000e-02	2	4	56
1	72	0	3	300	2	4	5175385	773	1084	1184	1687	2008	1099404147	0	4.710000e-02	1	4	52
1	73	0	3	900	1	4	5177935	552	1536	1637	2139	2460	1099407149	0	4.710000e-02	1	4	22
1	74	0	3	300	1	4	5180907	733	1195	1295	1797	2118	1099409780	0	4.710000e-02	1	4	27
1	75	0	1	900	2	4	5183578	512	1546	1646	2148	2470	1099412802	0	4.710000e-02	2	4	56
1	76	0	1	300	2	4	5186590	883	1385	1486	1988	2309	1099415653	0	4.710000e-02	2	4	56
1	77	0	1	600	1	4	5189492	702	1365	1465	1967	2288	1099418535	0	4.710000e-02	1	4	22
1	78	0	1	300	2	4	5192383	632	1094	1195	1697	2018	1099421155	0	4.710000e-02	1	4	52
1	79	0	3	900	2	4	5194953	693	1757	1858	2360	2681	1099424388	0	4.710000e-02	2	4	56
1	80	0	3	600	1	4	5198186	854	1587	1687	2189	2510	1099427450	0	4.710000e-02	2	4	22
1	81	0	3	900	1	4	5201339	582	1516	1616	2118	2440	1099430532	0	4.710000e-02	1	4	22
1	82	0	1	300	2	4	5204361	763	1225	1325	1827	2149	1099433263	0	4.710000e-02	1	4	52
1	83	0	3	300	1	4	5207072	672	1074	1174	1677	1998	1099435824	0	4.710000e-02	2	4	22
1	84	0	1	300	1	4	5209612	663	1105	1205	1707	2028	1099438394	0	4.710000e-02	2	4	27
1	85	0	1	600	2	4	5212162	854	1466	1566	2069	2390	1099441305	0	4.710000e-02	1	4	52
1	86	0	1	600	1	4	5215124	874	1627	1727	2229	2550	1099444428	0	4.710000e-02	1	4	22
1	87	0	1	300	2	4	5218146	613	1034	1135	1637	1958	1099446858	0	4.710000e-02	1	4	52
1	88	0	1	600	1	4	5220566	713	1375	1476	1978	2299	1099449619	0	4.710000e-02	1	4	27
1	89	0	3	300	1	4	5223387	723	1155	1255	1757	2079	1099452219	0	4.710000e-02	1	4	22
1	90	0	3	900	2	4	5225988	883	1837	1938	2439	2761	1099455502	0	4.710000e-02	1	4	52
1	91	0	1	300	2	4	5229210	683	1085	1185	1687	2009	1099457972	0	4.710000e-02	1	4	52
1	92	0	1	900	2	4	5232012	642	1707	1807	2309	2630	1099461396	0	4.710000e-02	2	4	56
1	93	0	3	900	1	4	5235124	763	1767	1868	2370	2691	1099464568	0	4.710000e-02	2	4	27
1	94	0	3	300	1	4	5238277	713	1154	1255	1757	2078	1099467108	0	4.710000e-02	1	4	27
2	1	0	1	300	1	4	5243799	833	1305	1406	1908	2229	1099472781	0	4.710000e-02	2	4	27
2	2	0	3	300	2	4	5246580	613	1095	1195	1697	2018	1099475351	0	4.710000e-02	1	4	52
2	3	0	3	600	2	4	5249140	603	1235	1336	1838	2159	1099478052	0	4.710000e-02	2	4	56
2	4	0	1	300	2	4	5251871	773	1245	1346	1848	2169	1099480793	0	4.710000e-02	1	4	52
2	5	0	1	900	2	4	5254512	522	1456	1556	2058	2379	1099483644	0	4.710000e-02	2	4	56
2	6	0	3	600	1	4	5257403	543	1205	1306	1808	2129	1099486285	0	4.710000e-02	1	4	22
2	7	0	3	600	1	4	5260034	813	1436	1536	2038	2360	1099489146	0	4.710000e-02	2	4	27
2	8	0	1	600	1	4	5262865	794	1547	1647	2149	2470	1099492088	0	4.710000e-02	2	4	27
2	9	0	3	600	2	4	5265827	874	1617	1717	2219	2540	1099495120	0	4.710000e-02	1	4	52
2	10	0	3	300	1	4	5268839	774	1185	1286	1788	2109	1099497700	0	4.710000e-02	1	4	27
2	11	0	1	600	2	4	5271540	753	1556	1657	2159	2480	1099500772	0	4.710000e-02	2	4	56
2	13	0	3	300	1	4	5275817	723	1175	1275	1777	2099	1099504668	0	4.710000e-02	2	4	27
2	14	0	1	900	1	4	5278528	643	1717	1818	2319	2681	1099507921	0	4.710000e-02	1	4	22
2	15	0	3	900	2	4	5281681	893	1988	2088	2590	2911	1099511345	0	4.710000e-02	1	4	52
2	17	0	1	600	2	4	5288066	844	1536	1637	2139	2460	1099517278	0	4.710000e-02	2	4	52
2	18	0	1	300	1	4	5291109	652	1114	1215	1717	2038	1099519899	0	4.710000e-02	1	4	22
2	19	0	3	300	1	4	5293619	813	1235	1335	1837	2158	1099522529	0	4.710000e-02	1	4	22
2	20	0	1	300	2	4	5296299	523	904	1004	1506	1828	1099524878	0	4.710000e-02	1	4	52
2	21	0	3	600	2	4	5298599	612	1265	1365	1867	2188	1099527539	0	4.710000e-02	1	4	52
2	22	0	3	300	2	4	5301340	572	1074	1174	1676	1998	1099530089	0	4.710000e-02	1	4	52
2	23	0	1	600	2	4	5303970	522	1315	1416	1918	2239	1099532961	0	4.710000e-02	2	4	56
2	24	0	1	600	1	4	5306681	753	1366	1466	1968	2289	1099535722	0	4.710000e-02	2	4	22
2	25	0	3	600	1	4	5309442	562	1255	1355	1857	2179	1099538372	0	4.710000e-02	2	4	22
2	26	0	3	900	2	4	5312103	773	1757	1857	2359	2680	1099541535	0	4.710000e-02	1	4	52
2	27	0	1	600	2	4	5315496	562	1356	1456	1958	2280	1099544527	0	4.710000e-02	1	4	52
2	28	0	3	600	1	4	5318237	763	1476	1577	2079	2400	1099547388	0	4.710000e-02	2	4	27
2	29	0	1	900	2	4	5321169	843	1868	1968	2470	2791	1099550711	0	4.710000e-02	1	4	52
2	30	0	3	600	2	4	5324462	653	1416	1516	2018	2340	1099553553	0	4.710000e-02	2	4	56
2	31	0	1	300	1	4	5327484	683	1175	1275	1777	2099	1099556334	0	4.710000e-02	1	4	22
2	32	0	1	300	1	4	5330115	763	1255	1355	1857	2179	1099559045	0	4.710000e-02	1	4	22
2	33	0	3	600	1	4	5332796	712	1466	1566	2068	2389	1099561936	0	4.710000e-02	2	4	22
2	34	0	1	300	2	4	5335908	562	924	1024	1526	1847	1099564506	0	4.710000e-02	2	4	52
2	35	0	1	900	2	4	5338237	693	1637	1737	2239	2561	1099567549	0	4.710000e-02	1	4	52
2	36	0	3	600	2	4	5341310	602	1255	1355	1857	2178	1099570239	0	4.710000e-02	1	4	52
2	37	0	3	900	1	4	5344031	652	1666	1767	2269	2630	1099573372	0	4.710000e-02	2	4	27
2	38	0	3	900	1	4	5347133	793	1827	1928	2430	2751	1099576635	0	4.710000e-02	2	4	27
2	39	0	1	600	2	4	5350436	884	1587	1687	2189	2510	1099579697	0	4.710000e-02	1	4	52
2	40	0	1	300	1	4	5353478	683	1145	1245	1747	2069	1099582297	0	4.710000e-02	2	4	27
2	41	0	1	300	2	4	5356049	632	1074	1174	1676	1998	1099584797	0	4.710000e-02	2	4	52
2	42	0	1	300	2	4	5358860	522	884	984	1486	1807	1099587418	0	4.710000e-02	1	4	52
2	43	0	3	900	1	4	5361210	873	1957	2058	2560	2881	1099590841	0	4.710000e-02	1	4	27
2	44	0	3	600	1	4	5364814	853	1636	1737	2239	2560	1099594124	0	4.710000e-02	1	4	27
2	45	0	3	900	2	4	5368137	653	1747	1847	2350	2671	1099597558	0	4.710000e-02	2	4	56
2	46	0	1	300	1	4	5371360	753	1155	1255	1757	2078	1099600189	0	4.710000e-02	2	4	27
2	47	0	1	600	2	4	5374071	683	1386	1486	1988	2309	1099603130	0	4.710000e-02	2	4	56
2	48	0	1	300	1	4	5376953	662	1004	1104	1606	1927	1099605630	0	4.710000e-02	2	4	27
2	49	0	1	900	1	4	5379653	623	1677	1778	2279	2601	1099609004	0	4.710000e-02	1	4	22
2	50	0	3	300	1	4	5382796	894	1396	1496	1998	2319	1099611865	0	4.710000e-02	2	4	27
2	51	0	3	300	1	4	5385637	713	1014	1115	1617	1938	1099614325	0	4.710000e-02	2	4	27
2	52	0	3	600	2	4	5388087	844	1506	1607	2108	2430	1099617267	0	4.710000e-02	2	4	56
2	53	0	1	900	1	4	5391039	883	1928	2028	2530	2852	1099620640	0	4.710000e-02	1	4	22
2	54	0	1	600	1	4	5394352	693	1356	1456	1958	2279	1099623381	0	4.710000e-02	1	4	22
2	55	0	3	300	2	4	5397184	813	1305	1405	1907	2229	1099626162	0	4.710000e-02	1	4	52
2	56	0	1	900	2	4	5399915	582	1596	1696	2198	2520	1099629184	0	4.710000e-02	2	4	52
2	57	0	3	900	2	4	5402957	753	1747	1847	2349	2670	1099632377	0	4.710000e-02	2	4	56
2	58	0	3	300	2	4	5406109	572	884	984	1486	1808	1099634666	0	4.710000e-02	1	4	52
2	59	0	1	300	1	4	5408840	884	1356	1456	1958	2279	1099637869	0	4.710000e-02	2	4	22
2	60	0	3	900	2	4	5411641	723	1697	1798	2300	2621	1099641011	0	4.710000e-02	2	4	56
2	61	0	3	600	2	4	5414975	843	1456	1556	2058	2379	1099644104	0	4.710000e-02	2	4	56
2	62	0	3	600	1	4	5417846	563	1306	1406	1908	2229	1099646824	0	4.710000e-02	1	4	22
2	63	0	3	300	2	4	5420718	713	1134	1235	1737	2058	1099649525	0	4.710000e-02	1	4	52
2	64	0	3	300	2	4	5423338	512	924	1024	1527	1848	1099651935	0	4.710000e-02	1	4	56
2	65	0	1	900	2	4	5425929	683	1686	1787	2289	2610	1099655288	0	4.710000e-02	2	4	56
2	66	0	3	900	1	4	5429121	633	1647	1748	2250	2571	1099658441	0	4.710000e-02	1	4	22
2	67	0	3	600	2	4	5432294	713	1386	1486	1988	2310	1099661352	0	4.710000e-02	1	4	56
2	68	0	3	900	1	4	5435377	612	1526	1626	2128	2450	1099664575	0	4.710000e-02	2	4	22
2	69	0	1	900	2	4	5438389	903	1998	2098	2600	2922	1099668059	0	4.710000e-02	1	4	56
2	70	0	3	300	2	4	5442234	633	1084	1185	1687	2008	1099670991	0	4.710000e-02	2	4	56
2	71	0	1	300	1	4	5444774	542	1014	1115	1617	1938	1099673461	0	4.710000e-02	2	4	22
2	73	0	1	300	1	4	5448288	543	984	1085	1587	1908	1099676944	0	4.710000e-02	2	4	22
2	74	0	1	900	2	4	5450758	512	1567	1667	2169	2490	1099679997	0	4.710000e-02	2	4	56
2	75	0	1	900	1	4	5453800	653	1737	1838	2340	2661	1099683209	0	4.710000e-02	2	4	22
2	76	0	3	600	2	4	5457274	824	1537	1637	2139	2460	1099686482	0	4.710000e-02	2	4	56
2	77	0	3	900	1	4	5460286	904	1878	1978	2480	2802	1099689836	0	4.710000e-02	1	4	22
2	78	0	3	600	1	4	5463730	543	1185	1285	1787	2109	1099692587	0	4.710000e-02	2	4	22
2	79	0	1	600	1	4	5466612	532	1205	1305	1807	2128	1099695488	0	4.710000e-02	1	4	22
2	80	0	1	900	2	4	5469333	542	1466	1566	2068	2389	1099698470	0	4.710000e-02	1	4	56
2	81	0	1	900	1	4	5472485	844	1757	1858	2360	2681	1099701914	0	4.710000e-02	2	4	22
2	82	0	1	900	1	4	5475738	844	1838	1938	2440	2761	1099705247	0	4.710000e-02	1	4	22
2	83	0	3	900	2	4	5479122	693	1737	1837	2339	2660	1099708530	0	4.710000e-02	2	4	52
2	84	0	1	600	2	4	5482515	794	1567	1667	2169	2491	1099711753	0	4.710000e-02	1	4	52
2	85	0	3	600	2	4	5485548	642	1395	1496	1998	2319	1099714615	0	4.710000e-02	1	4	52
2	86	0	1	600	1	4	5488399	673	1346	1446	1948	2269	1099717416	0	4.710000e-02	1	4	22
2	87	0	1	900	2	4	5491170	512	1466	1566	2068	2390	1099720307	0	4.710000e-02	2	4	56
2	88	0	3	900	2	4	5494092	743	1737	1837	2339	2661	1099723500	0	4.710000e-02	1	4	56
2	89	0	3	900	2	4	5497495	884	1868	1968	2470	2792	1099727034	0	4.710000e-02	2	4	52
2	90	0	3	900	1	4	5500839	793	1777	1877	2379	2701	1099730287	0	4.710000e-02	2	4	27
2	91	0	1	600	1	4	5504303	843	1606	1707	2209	2530	1099733580	0	4.710000e-02	1	4	22
2	92	0	1	900	2	4	5507385	733	1767	1868	2370	2691	1099736823	0	4.710000e-02	2	4	56
2	93	0	1	600	1	4	5510578	592	1255	1355	1857	2179	1099739504	0	4.710000e-02	1	4	22
